1, 0
2, 6
3, 6
4, 6
5, 6
6, 0
7, 6
8, 6
9, 6
10, 6
11, 0
12, 6
13, 6
14, 6
15, 6
16, 0
17, 0
18, 0
19, 0
20, 6
21, 0
22, 6
23, 6
24, 6
25, 6
26, 0
27, 6
28, 6
29, 6
30, 6
31, 0
32, 0
33, 0
34, 0
35, 6
36, 0
37, 6
38, 6
39, 6
40, 6
41, 0
42, 6
43, 6
44, 6
45, 6
46, 0
47, 0
48, 0
49, 0
50, 6
51, 0
52, 0
53, 6
54, 6
55, 0
56, 6
57, 6
58, 6
59, 6
60, 0
61, 0
62, 0
63, 0
64, 6
65, 0
66, 6
67, 6
68, 6
69, 6
70, 0
71, 6
72, 6
73, 6
74, 6
75, 0
76, 0
77, 0
78, 0
79, 6
80, 0
81, 6
82, 6
83, 6
84, 6
85, 0
86, 6
87, 6
88, 6
89, 6
90, 0
91, 0
92, 0
93, 0
94, 6
95, 0
96, 0
97, 6
98, 6
99, 6
100, 6
101, 0
102, 0
103, 6
104, 0
105, 6
106, 6
107, 6
108, 6
109, 0
110, 6
111, 6
112, 6
113, 6
114, 0
115, 0
116, 0
117, 0
118, 6
119, 0
120, 6
121, 6
122, 6
123, 6
124, 0
125, 6
126, 0
127, 0
128, 0
129, 0
130, 6
131, 6
132, 6
133, 6
134, 0
135, 6
136, 6
137, 6
138, 6
139, 0
140, 6
141, 6
142, 0
143, 6
144, 6
145, 0
146, 0
147, 6
148, 0
149, 6
150, 6
151, 6
152, 6
153, 0
154, 6
155, 6
156, 6
157, 6
158, 0
159, 0
160, 0
161, 0
162, 6
163, 0
164, 6
165, 6
166, 6
167, 6
168, 0
169, 6
170, 0
171, 0
172, 0
173, 0
174, 6
175, 6
176, 6
177, 6
178, 0
179, 6
180, 6
181, 6
182, 6
183, 0
184, 6
185, 6
186, 6
187, 6
188, 0
189, 0
190, 0
191, 0
192, 6
193, 0
194, 6
195, 6
196, 0
197, 0
198, 6
199, 0
200, 6
201, 6
202, 6
203, 6
204, 0
205, 0
206, 0
207, 0
208, 6
209, 0
210, 6
211, 6
212, 6
213, 6
214, 0
215, 6
216, 6
217, 6
218, 6
219, 0
220, 0
221, 0
222, 0
223, 6
224, 0
225, 6
226, 6
227, 6
228, 6
229, 0
230, 6
231, 0
232, 6
233, 6
234, 0
235, 0
236, 6
237, 6
238, 0
239, 6
240, 6
241, 6
242, 6
243, 0
244, 0
245, 0
246, 0
247, 6
248, 0
249, 6
250, 6
251, 6
252, 6
253, 0
254, 6
255, 6
256, 6
257, 6
258, 0
259, 0
260, 0
261, 0
262, 6
263, 0
264, 6
265, 6
266, 6
267, 6
268, 0
269, 6
270, 0
271, 0
272, 6
273, 6
274, 0
275, 6
276, 0
277, 6
278, 0
279, 6
280, 0
281, 0
282, 0
283, 0
284, 6
285, 0
286, 6
287, 6
288, 0
289, 0
290, 6
291, 0
292, 6
293, 6
294, 6
295, 6
296, 0
297, 0
298, 0
299, 0
300, 6
301, 0
302, 6
303, 6
304, 6
305, 6
306, 0
307, 6
308, 6
309, 6
310, 6
311, 0
312, 0
313, 0
314, 0
315, 6
316, 0
317, 6
318, 6
319, 6
320, 6
321, 0
322, 6
323, 0
324, 6
325, 6
326, 0
327, 0
328, 6
329, 6
330, 0
331, 6
332, 6
333, 6
334, 6
335, 0
336, 0
337, 0
338, 0
339, 6
340, 0
341, 6
342, 6
343, 6
344, 6
345, 0
346, 6
347, 6
348, 6
349, 6
350, 0
351, 0
352, 0
353, 0
354, 6
355, 0
356, 6
357, 6
358, 6
359, 6
360, 0
361, 6
362, 0
363, 0
364, 6
365, 6
366, 0
367, 6
368, 0
369, 6
370, 6
371, 6
372, 6
373, 0
374, 0
375, 0
376, 0
377, 6
378, 0
379, 6
380, 6
381, 0
382, 0
383, 0
384, 0
385, 6
386, 6
387, 0
388, 6
389, 6
390, 6
391, 6
392, 0
393, 0
394, 0
395, 0
396, 6
397, 0
398, 6
399, 6
400, 0
401, 6
402, 6
403, 0
404, 0
405, 0
406, 0
407, 6
408, 6
409, 0
410, 0
411, 0
412, 0
413, 6
414, 6
415, 0
416, 6
417, 6
418, 0
419, 6
420, 0
421, 6
422, 6
423, 0
424, 0
425, 0
426, 0
427, 6
428, 6
429, 0
430, 6
431, 0
432, 6
433, 6
434, 6
435, 6
436, 0
437, 0
438, 0
439, 0
440, 6
441, 0
442, 6
443, 6
444, 0
445, 6
446, 6
447, 0
448, 0
449, 0
450, 0
451, 6
452, 6
453, 0
454, 0
455, 0
456, 0
457, 6
458, 6
459, 0
460, 6
461, 6
462, 0
463, 6
464, 0
465, 6
466, 6
467, 0
468, 0
469, 0
470, 0
471, 6
472, 6
473, 0
474, 6
475, 0
476, 0
477, 6
478, 6
479, 0
480, 6
481, 6
482, 0
483, 6
484, 6
485, 6
486, 6
487, 0
488, 6
489, 6
490, 6
491, 6
492, 0
493, 0
494, 0
495, 0
496, 6
497, 0
498, 6
499, 0
500, 6
501, 6
502, 6
503, 6
504, 0
505, 0
506, 0
507, 0
508, 6
509, 0
510, 6
511, 6
512, 6
513, 6
514, 0
515, 6
516, 6
517, 6
518, 6
519, 0
520, 0
521, 0
522, 0
523, 6
524, 0
525, 6
526, 6
527, 6
528, 6
529, 0
530, 6
531, 0
532, 0
533, 6
534, 6
535, 0
536, 0
537, 6
538, 0
539, 6
540, 6
541, 0
542, 0
543, 6
544, 6
545, 6
546, 6
547, 0
548, 0
549, 6
550, 6
551, 0
552, 0
553, 0
554, 0
555, 6
556, 6
557, 0
558, 0
559, 6
560, 0
561, 6
562, 6
563, 6
564, 6
565, 0
566, 6
567, 6
568, 6
569, 6
570, 0
571, 0
572, 0
573, 0
574, 6
575, 0
576, 6
577, 6
578, 6
579, 6
580, 0
581, 6
582, 6
583, 6
584, 6
585, 0
586, 0
587, 0
588, 0
589, 6
590, 0
591, 0
592, 0
593, 0
594, 6
595, 0
596, 6
597, 6
598, 6
599, 6
600, 0
601, 6
602, 0
603, 6
604, 6
605, 6
606, 6
607, 0
608, 6
609, 6
610, 0
611, 6
612, 6
613, 0
614, 0
615, 6
616, 6
617, 6
618, 6
619, 0
620, 0
621, 6
622, 6
623, 0
624, 6
625, 6
626, 0
627, 6
628, 6
629, 6
630, 6
631, 0
632, 0
633, 0
634, 0
635, 6
636, 0
637, 6
638, 6
639, 6
640, 6
641, 0
642, 6
643, 6
644, 6
645, 6
646, 0
647, 0
648, 0
649, 0
650, 6
651, 0
652, 0
653, 6
654, 0
655, 6
656, 6
657, 0
658, 0
659, 6
660, 6
661, 6
662, 6
663, 0
664, 0
665, 6
666, 6
667, 0
668, 6
669, 6
670, 6
671, 6
672, 0
673, 0
674, 0
675, 0
676, 6
677, 0
678, 6
679, 6
680, 0
681, 0
682, 0
683, 0
684, 6
685, 6
686, 0
687, 6
688, 6
689, 0
690, 0
691, 0
692, 0
693, 6
694, 6
695, 0
696, 0
697, 0
698, 0
699, 6
700, 6
701, 0
702, 6
703, 6
704, 6
705, 6
706, 0
707, 6
708, 6
709, 6
710, 6
711, 0
712, 0
713, 0
714, 0
715, 6
716, 0
717, 6
718, 6
719, 6
720, 6
721, 0
722, 0
723, 0
724, 0
725, 6
726, 0
727, 6
728, 6
729, 6
730, 6
731, 0
732, 6
733, 6
734, 6
735, 6
736, 0
737, 0
738, 0
739, 0
740, 6
741, 0
742, 6
743, 0
744, 6
745, 6
746, 0
747, 6
748, 6
749, 6
750, 6
751, 0
752, 0
753, 0
754, 0
755, 6
756, 0
757, 6
758, 6
759, 6
760, 6
761, 0
762, 6
763, 6
764, 6
765, 6
766, 0
767, 0
768, 0
769, 0
770, 6
771, 0
772, 6
773, 6
