0001000100000001, 1011000000000000
0100011001110111, 0001000100000001
0100011001111101, 0001000100000001
0100011011010111, 0001000100000001
0100011011011101, 0001000100000001
0100011011100111, 0001000100000001
0100011011101101, 0001000100000001
0100011101110110, 0001000100000001
0100011101111100, 0001000100000001
0100011111010110, 0001000100000001
0100011111011100, 0001000100000001
0100011111100110, 0001000100000001
0100011111101100, 0001000100000001
0100110001110111, 0001000100000001
0100110001111101, 0001000100000001
0100110011010111, 0001000100000001
0100110011011101, 0001000100000001
0100110011100111, 0001000100000001
0100110011101101, 0001000100000001
0100110101110110, 0001000100000001
0100110101111100, 0001000100000001
0100110111010110, 0001000100000001
0100110111011100, 0001000100000001
0100110111100110, 0001000100000001
0100110111101100, 0001000100000001
0101011001100111, 0001000100000001
0101011001101101, 0001000100000001
0101011011000111, 0001000100000001
0101011011001101, 0001000100000001
0101011101100110, 0001000100000001
0101011101101100, 0001000100000001
0101011111000110, 0001000100000001
0101011111001100, 0001000100000001
0101110001100111, 0001000100000001
0101110001101101, 0001000100000001
0101110011000111, 0001000100000001
0101110011001101, 0001000100000001
0101110101100110, 0001000100000001
0101110101101100, 0001000100000001
0101110111000110, 0001000100000001
0101110111001100, 0001000100000001
0111011001001100, 0001000100000001
0111110001000110, 0001000100000001
1011000000000000, 0001000100000001
1100000011111110, 1011000000000000
1100001011111100, 1011000000000000
1100010011111010, 1011000000000000
1100011011111000, 1011000000000000
1100100011110110, 1011000000000000
1100101011110100, 1011000000000000
1100110011110010, 1011000000000000
1100111011110000, 1011000000000000
1101011001001100, 0001000100000001
1101110001000110, 0001000100000001
0001001011111001, 1011000000000000
1100000011111110, 1011000000000000
1100001011111100, 1011000000000000
1100010011111010, 1011000000000000
1100011011111000, 1011000000000000
1100100011110110, 1011000000000000
1100101011110100, 1011000000000000
1100110011110010, 1011000000000000
1100111011110000, 1011000000000000
0001001111111000, 1011000000000000
1100000011111110, 1011000000000000
1100001011111100, 1011000000000000
1100010011111010, 1011000000000000
1100011011111000, 1011000000000000
1100100011110110, 1011000000000000
1100101011110100, 1011000000000000
1100110011110010, 1011000000000000
1100111011110000, 1011000000000000
0001100011110011, 1011000000000000
1100000011111110, 1011000000000000
1100001011111100, 1011000000000000
1100010011111010, 1011000000000000
1100011011111000, 1011000000000000
1100100011110110, 1011000000000000
1100101011110100, 1011000000000000
1100110011110010, 1011000000000000
1100111011110000, 1011000000000000
0001100111110010, 1011000000000000
1100000011111110, 1011000000000000
1100001011111100, 1011000000000000
1100010011111010, 1011000000000000
1100011011111000, 1011000000000000
1100100011110110, 1011000000000000
1100101011110100, 1011000000000000
1100110011110010, 1011000000000000
1100111011110000, 1011000000000000
0010010011111110, 1011000000000000
1100000011111110, 1011000000000000
1100001011111100, 1011000000000000
1100010011111010, 1011000000000000
1100011011111000, 1011000000000000
1100100011110110, 1011000000000000
1100101011110100, 1011000000000000
1100110011110010, 1011000000000000
1100111011110000, 1011000000000000
0010011011111100, 1011000000000000
1100000011111110, 1011000000000000
1100001011111100, 1011000000000000
1100010011111010, 1011000000000000
1100011011111000, 1011000000000000
1100100011110110, 1011000000000000
1100101011110100, 1011000000000000
1100110011110010, 1011000000000000
1100111011110000, 1011000000000000
0010110011110110, 1011000000000000
1100000011111110, 1011000000000000
1100001011111100, 1011000000000000
1100010011111010, 1011000000000000
1100011011111000, 1011000000000000
1100100011110110, 1011000000000000
1100101011110100, 1011000000000000
1100110011110010, 1011000000000000
1100111011110000, 1011000000000000
0010111011110100, 1011000000000000
1100000011111110, 1011000000000000
1100001011111100, 1011000000000000
1100010011111010, 1011000000000000
1100011011111000, 1011000000000000
1100100011110110, 1011000000000000
1100101011110100, 1011000000000000
1100110011110010, 1011000000000000
1100111011110000, 1011000000000000
0011000011111110, 1011000000000000
1100000011111110, 1011000000000000
1100001011111100, 1011000000000000
1100010011111010, 1011000000000000
1100011011111000, 1011000000000000
1100100011110110, 1011000000000000
1100101011110100, 1011000000000000
1100110011110010, 1011000000000000
1100111011110000, 1011000000000000
0011001011111100, 1011000000000000
1010011010010000, 0011001011111100
1100000011111110, 1011000000000000
1100001011111100, 1011000000000000
1100010011111010, 1011000000000000
1100011011111000, 1011000000000000
1100100011110110, 1011000000000000
1100101011110100, 1011000000000000
1100110011110010, 1011000000000000
1100111011110000, 1011000000000000
0011010011111010, 1011000000000000
1100000011111110, 1011000000000000
1100001011111100, 1011000000000000
1100010011111010, 1011000000000000
1100011011111000, 1011000000000000
1100100011110110, 1011000000000000
1100101011110100, 1011000000000000
1100110011110010, 1011000000000000
1100111011110000, 1011000000000000
0011011011111000, 1011000000000000
1100000011111110, 1011000000000000
1100001011111100, 1011000000000000
1100010011111010, 1011000000000000
1100011011111000, 1011000000000000
1100100011110110, 1011000000000000
1100101011110100, 1011000000000000
1100110011110010, 1011000000000000
1100111011110000, 1011000000000000
0011100011110110, 1011000000000000
1100000011111110, 1011000000000000
1100001011111100, 1011000000000000
1100010011111010, 1011000000000000
1100011011111000, 1011000000000000
1100100011110110, 1011000000000000
1100101011110100, 1011000000000000
1100110011110010, 1011000000000000
1100111011110000, 1011000000000000
0011101011110100, 1011000000000000
1100000011111110, 1011000000000000
1100001011111100, 1011000000000000
1100010011111010, 1011000000000000
1100011011111000, 1011000000000000
1100100011110110, 1011000000000000
1100101011110100, 1011000000000000
1100110011110010, 1011000000000000
1100111011110000, 1011000000000000
0011110011110010, 1011000000000000
1010000010010110, 0011110011110010
1100000011111110, 1011000000000000
1100001011111100, 1011000000000000
1100010011111010, 1011000000000000
1100011011111000, 1011000000000000
1100100011110110, 1011000000000000
1100101011110100, 1011000000000000
1100110011110010, 1011000000000000
1100111011110000, 1011000000000000
0011111011110000, 1011000000000000
1100000011111110, 1011000000000000
1100001011111100, 1011000000000000
1100010011111010, 1011000000000000
1100011011111000, 1011000000000000
1100100011110110, 1011000000000000
1100101011110100, 1011000000000000
1100110011110010, 1011000000000000
1100111011110000, 1011000000000000
0100001000100011, 0101011001100111
0100001100100010, 0101011101100110
0100001100100101, 0101011111001100
0100010100100011, 0101110011000111
0100010110001001, 0101011001101101
0100100010001001, 0101110011001101
0100100110000101, 0101110101100110
0110000011111110, 1011000000000000
1100000011111110, 1011000000000000
1100001011111100, 1011000000000000
1100010011111010, 1011000000000000
1100011011111000, 1011000000000000
1100100011110110, 1011000000000000
1100101011110100, 1011000000000000
1100110011110010, 1011000000000000
1100111011110000, 1011000000000000
0110001011111100, 1011000000000000
1100000011111110, 1011000000000000
1100001011111100, 1011000000000000
1100010011111010, 1011000000000000
1100011011111000, 1011000000000000
1100100011110110, 1011000000000000
1100101011110100, 1011000000000000
1100110011110010, 1011000000000000
1100111011110000, 1011000000000000
0110010011111010, 1011000000000000
1100000011111110, 1011000000000000
1100001011111100, 1011000000000000
1100010011111010, 1011000000000000
1100011011111000, 1011000000000000
1100100011110110, 1011000000000000
1100101011110100, 1011000000000000
1100110011110010, 1011000000000000
1100111011110000, 1011000000000000
0110011011111000, 1011000000000000
1100000011111110, 1011000000000000
1100001011111100, 1011000000000000
1100010011111010, 1011000000000000
1100011011111000, 1011000000000000
1100100011110110, 1011000000000000
1100101011110100, 1011000000000000
1100110011110010, 1011000000000000
1100111011110000, 1011000000000000
0110100011110110, 1011000000000000
1100000011111110, 1011000000000000
1100001011111100, 1011000000000000
1100010011111010, 1011000000000000
1100011011111000, 1011000000000000
1100100011110110, 1011000000000000
1100101011110100, 1011000000000000
1100110011110010, 1011000000000000
1100111011110000, 1011000000000000
0110101011110100, 1011000000000000
1100000011111110, 1011000000000000
1100001011111100, 1011000000000000
1100010011111010, 1011000000000000
1100011011111000, 1011000000000000
1100100011110110, 1011000000000000
1100101011110100, 1011000000000000
1100110011110010, 1011000000000000
1100111011110000, 1011000000000000
0110110011110010, 1011000000000000
1100000011111110, 1011000000000000
1100001011111100, 1011000000000000
1100010011111010, 1011000000000000
1100011011111000, 1011000000000000
1100100011110110, 1011000000000000
1100101011110100, 1011000000000000
1100110011110010, 1011000000000000
1100111011110000, 1011000000000000
0110111011110000, 1011000000000000
1100000011111110, 1011000000000000
1100001011111100, 1011000000000000
1100010011111010, 1011000000000000
1100011011111000, 1011000000000000
1100100011110110, 1011000000000000
1100101011110100, 1011000000000000
1100110011110010, 1011000000000000
1100111011110000, 1011000000000000
1000010011111110, 1011000000000000
1100000011111110, 1011000000000000
1100001011111100, 1011000000000000
1100010011111010, 1011000000000000
1100011011111000, 1011000000000000
1100100011110110, 1011000000000000
1100101011110100, 1011000000000000
1100110011110010, 1011000000000000
1100111011110000, 1011000000000000
1000011011111100, 1011000000000000
1100000011111110, 1011000000000000
1100001011111100, 1011000000000000
1100010011111010, 1011000000000000
1100011011111000, 1011000000000000
1100100011110110, 1011000000000000
1100101011110100, 1011000000000000
1100110011110010, 1011000000000000
1100111011110000, 1011000000000000
1000110011110110, 1011000000000000
1100000011111110, 1011000000000000
1100001011111100, 1011000000000000
1100010011111010, 1011000000000000
1100011011111000, 1011000000000000
1100100011110110, 1011000000000000
1100101011110100, 1011000000000000
1100110011110010, 1011000000000000
1100111011110000, 1011000000000000
1000111011110100, 1011000000000000
1100000011111110, 1011000000000000
1100001011111100, 1011000000000000
1100010011111010, 1011000000000000
1100011011111000, 1011000000000000
1100100011110110, 1011000000000000
1100101011110100, 1011000000000000
1100110011110010, 1011000000000000
1100111011110000, 1011000000000000
1001000011111110, 1011000000000000
1100000011111110, 1011000000000000
1100001011111100, 1011000000000000
1100010011111010, 1011000000000000
1100011011111000, 1011000000000000
1100100011110110, 1011000000000000
1100101011110100, 1011000000000000
1100110011110010, 1011000000000000
1100111011110000, 1011000000000000
1001001011111100, 1011000000000000
1100000011111110, 1011000000000000
1100001011111100, 1011000000000000
1100010011111010, 1011000000000000
1100011011111000, 1011000000000000
1100100011110110, 1011000000000000
1100101011110100, 1011000000000000
1100110011110010, 1011000000000000
1100111011110000, 1011000000000000
1001010011111010, 1011000000000000
1100000011111110, 1011000000000000
1100001011111100, 1011000000000000
1100010011111010, 1011000000000000
1100011011111000, 1011000000000000
1100100011110110, 1011000000000000
1100101011110100, 1011000000000000
1100110011110010, 1011000000000000
1100111011110000, 1011000000000000
1001011011111000, 1011000000000000
1010000000111100, 1001011011111000
1100000011111110, 1011000000000000
1100001011111100, 1011000000000000
1100010011111010, 1011000000000000
1100011011111000, 1011000000000000
1100100011110110, 1011000000000000
1100101011110100, 1011000000000000
1100110011110010, 1011000000000000
1100111011110000, 1011000000000000
1001100011110110, 1011000000000000
1010110000110000, 1001100011110110
1100000011111110, 1011000000000000
1100001011111100, 1011000000000000
1100010011111010, 1011000000000000
1100011011111000, 1011000000000000
1100100011110110, 1011000000000000
1100101011110100, 1011000000000000
1100110011110010, 1011000000000000
1100111011110000, 1011000000000000
1001101011110100, 1011000000000000
1100000011111110, 1011000000000000
1100001011111100, 1011000000000000
1100010011111010, 1011000000000000
1100011011111000, 1011000000000000
1100100011110110, 1011000000000000
1100101011110100, 1011000000000000
1100110011110010, 1011000000000000
1100111011110000, 1011000000000000
1001110011110010, 1011000000000000
1100000011111110, 1011000000000000
1100001011111100, 1011000000000000
1100010011111010, 1011000000000000
1100011011111000, 1011000000000000
1100100011110110, 1011000000000000
1100101011110100, 1011000000000000
1100110011110010, 1011000000000000
1100111011110000, 1011000000000000
1001111011110000, 1011000000000000
1100000011111110, 1011000000000000
1100001011111100, 1011000000000000
1100010011111010, 1011000000000000
1100011011111000, 1011000000000000
1100100011110110, 1011000000000000
1100101011110100, 1011000000000000
1100110011110010, 1011000000000000
1100111011110000, 1011000000000000
0010000000011110, 0011000011111110
0010111000010000, 0011111011110000
0100100110001000, 0101110111001100
1000000000011110, 1001000011111110
1000111000010000, 1001111011110000
