0000000110101011, 1010000110101010
0001101000001011, 0000000110101011
0010000110001110, 1010000110101010
1000000100101110, 1010000110101010
1010000100001011, 1010000110101010
1010000110101010, 1010101010101010
1010101010101011, 1010101010101010
1010101010101100, 1010101010101010
1010101010101110, 1010101010101010
1010101010111010, 1010101010101010
1010101011001010, 1010101010101010
1010101011101010, 1010101010101010
1010101110100001, 1010101010101010
1010101110100100, 1010101010101010
1010101110101010, 1010101010101010
1010110010100001, 1010101010101010
1010110010100011, 1010101010101010
1010110010100110, 1010101010101010
1010110010101010, 1010101010101010
1010111010100001, 1010101010101010
1010111010100100, 1010101010101010
1010111010101010, 1010101010101010
1011101000011010, 1010101010101010
1011101001001010, 1010101010101010
1011101010101010, 1010101010101010
1100101000011010, 1010101010101010
1100101000111010, 1010101010101010
1100101001101010, 1010101010101010
1100101010101010, 1010101010101010
1110101000011010, 1010101010101010
1110101001001010, 1010101010101010
1110101010101010, 1010101010101010
1010000110101100, 1010101010101010
1010101010101011, 1010101010101010
1010101010101100, 1010101010101010
1010101010101110, 1010101010101010
1010101010111010, 1010101010101010
1010101011001010, 1010101010101010
1010101011101010, 1010101010101010
1010101110100001, 1010101010101010
1010101110100100, 1010101010101010
1010101110101010, 1010101010101010
1010110010100001, 1010101010101010
1010110010100011, 1010101010101010
1010110010100110, 1010101010101010
1010110010101010, 1010101010101010
1010111010100001, 1010101010101010
1010111010100100, 1010101010101010
1010111010101010, 1010101010101010
1011101000011010, 1010101010101010
1011101001001010, 1010101010101010
1011101010101010, 1010101010101010
1100101000011010, 1010101010101010
1100101000111010, 1010101010101010
1100101001101010, 1010101010101010
1100101010101010, 1010101010101010
1110101000011010, 1010101010101010
1110101001001010, 1010101010101010
1110101010101010, 1010101010101010
1010001110100100, 1010101010101010
1010101010101011, 1010101010101010
1010101010101100, 1010101010101010
1010101010101110, 1010101010101010
1010101010111010, 1010101010101010
1010101011001010, 1010101010101010
1010101011101010, 1010101010101010
1010101110100001, 1010101010101010
1010101110100100, 1010101010101010
1010101110101010, 1010101010101010
1010110010100001, 1010101010101010
1010110010100011, 1010101010101010
1010110010100110, 1010101010101010
1010110010101010, 1010101010101010
1010111010100001, 1010101010101010
1010111010100100, 1010101010101010
1010111010101010, 1010101010101010
1011101000011010, 1010101010101010
1011101001001010, 1010101010101010
1011101010101010, 1010101010101010
1100101000011010, 1010101010101010
1100101000111010, 1010101010101010
1100101001101010, 1010101010101010
1100101010101010, 1010101010101010
1110101000011010, 1010101010101010
1110101001001010, 1010101010101010
1110101010101010, 1010101010101010
1010001110101001, 1010101010101010
1010101010101011, 1010101010101010
1010101010101100, 1010101010101010
1010101010101110, 1010101010101010
1010101010111010, 1010101010101010
1010101011001010, 1010101010101010
1010101011101010, 1010101010101010
1010101110100001, 1010101010101010
1010101110100100, 1010101010101010
1010101110101010, 1010101010101010
1010110010100001, 1010101010101010
1010110010100011, 1010101010101010
1010110010100110, 1010101010101010
1010110010101010, 1010101010101010
1010111010100001, 1010101010101010
1010111010100100, 1010101010101010
1010111010101010, 1010101010101010
1011101000011010, 1010101010101010
1011101001001010, 1010101010101010
1011101010101010, 1010101010101010
1100101000011010, 1010101010101010
1100101000111010, 1010101010101010
1100101001101010, 1010101010101010
1100101010101010, 1010101010101010
1110101000011010, 1010101010101010
1110101001001010, 1010101010101010
1110101010101010, 1010101010101010
1010001110101100, 1010101010101010
1010101010101011, 1010101010101010
1010101010101100, 1010101010101010
1010101010101110, 1010101010101010
1010101010111010, 1010101010101010
1010101011001010, 1010101010101010
1010101011101010, 1010101010101010
1010101110100001, 1010101010101010
1010101110100100, 1010101010101010
1010101110101010, 1010101010101010
1010110010100001, 1010101010101010
1010110010100011, 1010101010101010
1010110010100110, 1010101010101010
1010110010101010, 1010101010101010
1010111010100001, 1010101010101010
1010111010100100, 1010101010101010
1010111010101010, 1010101010101010
1011101000011010, 1010101010101010
1011101001001010, 1010101010101010
1011101010101010, 1010101010101010
1100101000011010, 1010101010101010
1100101000111010, 1010101010101010
1100101001101010, 1010101010101010
1100101010101010, 1010101010101010
1110101000011010, 1010101010101010
1110101001001010, 1010101010101010
1110101010101010, 1010101010101010
1010010010100011, 1010101010101010
1010101010101011, 1010101010101010
1010101010101100, 1010101010101010
1010101010101110, 1010101010101010
1010101010111010, 1010101010101010
1010101011001010, 1010101010101010
1010101011101010, 1010101010101010
1010101110100001, 1010101010101010
1010101110100100, 1010101010101010
1010101110101010, 1010101010101010
1010110010100001, 1010101010101010
1010110010100011, 1010101010101010
1010110010100110, 1010101010101010
1010110010101010, 1010101010101010
1010111010100001, 1010101010101010
1010111010100100, 1010101010101010
1010111010101010, 1010101010101010
1011101000011010, 1010101010101010
1011101001001010, 1010101010101010
1011101010101010, 1010101010101010
1100101000011010, 1010101010101010
1100101000111010, 1010101010101010
1100101001101010, 1010101010101010
1100101010101010, 1010101010101010
1110101000011010, 1010101010101010
1110101001001010, 1010101010101010
1110101010101010, 1010101010101010
1010010010101001, 1010101010101010
1010101010101011, 1010101010101010
1010101010101100, 1010101010101010
1010101010101110, 1010101010101010
1010101010111010, 1010101010101010
1010101011001010, 1010101010101010
1010101011101010, 1010101010101010
1010101110100001, 1010101010101010
1010101110100100, 1010101010101010
1010101110101010, 1010101010101010
1010110010100001, 1010101010101010
1010110010100011, 1010101010101010
1010110010100110, 1010101010101010
1010110010101010, 1010101010101010
1010111010100001, 1010101010101010
1010111010100100, 1010101010101010
1010111010101010, 1010101010101010
1011101000011010, 1010101010101010
1011101001001010, 1010101010101010
1011101010101010, 1010101010101010
1100101000011010, 1010101010101010
1100101000111010, 1010101010101010
1100101001101010, 1010101010101010
1100101010101010, 1010101010101010
1110101000011010, 1010101010101010
1110101001001010, 1010101010101010
1110101010101010, 1010101010101010
1010010010101011, 1010101010101010
1010101010101011, 1010101010101010
1010101010101100, 1010101010101010
1010101010101110, 1010101010101010
1010101010111010, 1010101010101010
1010101011001010, 1010101010101010
1010101011101010, 1010101010101010
1010101110100001, 1010101010101010
1010101110100100, 1010101010101010
1010101110101010, 1010101010101010
1010110010100001, 1010101010101010
1010110010100011, 1010101010101010
1010110010100110, 1010101010101010
1010110010101010, 1010101010101010
1010111010100001, 1010101010101010
1010111010100100, 1010101010101010
1010111010101010, 1010101010101010
1011101000011010, 1010101010101010
1011101001001010, 1010101010101010
1011101010101010, 1010101010101010
1100101000011010, 1010101010101010
1100101000111010, 1010101010101010
1100101001101010, 1010101010101010
1100101010101010, 1010101010101010
1110101000011010, 1010101010101010
1110101001001010, 1010101010101010
1110101010101010, 1010101010101010
1010011010100001, 1010101010101010
1010101010101011, 1010101010101010
1010101010101100, 1010101010101010
1010101010101110, 1010101010101010
1010101010111010, 1010101010101010
1010101011001010, 1010101010101010
1010101011101010, 1010101010101010
1010101110100001, 1010101010101010
1010101110100100, 1010101010101010
1010101110101010, 1010101010101010
1010110010100001, 1010101010101010
1010110010100011, 1010101010101010
1010110010100110, 1010101010101010
1010110010101010, 1010101010101010
1010111010100001, 1010101010101010
1010111010100100, 1010101010101010
1010111010101010, 1010101010101010
1011101000011010, 1010101010101010
1011101001001010, 1010101010101010
1011101010101010, 1010101010101010
1100101000011010, 1010101010101010
1100101000111010, 1010101010101010
1100101001101010, 1010101010101010
1100101010101010, 1010101010101010
1110101000011010, 1010101010101010
1110101001001010, 1010101010101010
1110101010101010, 1010101010101010
1010011010101001, 1010101010101010
1010101010101011, 1010101010101010
1010101010101100, 1010101010101010
1010101010101110, 1010101010101010
1010101010111010, 1010101010101010
1010101011001010, 1010101010101010
1010101011101010, 1010101010101010
1010101110100001, 1010101010101010
1010101110100100, 1010101010101010
1010101110101010, 1010101010101010
1010110010100001, 1010101010101010
1010110010100011, 1010101010101010
1010110010100110, 1010101010101010
1010110010101010, 1010101010101010
1010111010100001, 1010101010101010
1010111010100100, 1010101010101010
1010111010101010, 1010101010101010
1011101000011010, 1010101010101010
1011101001001010, 1010101010101010
1011101010101010, 1010101010101010
1100101000011010, 1010101010101010
1100101000111010, 1010101010101010
1100101001101010, 1010101010101010
1100101010101010, 1010101010101010
1110101000011010, 1010101010101010
1110101001001010, 1010101010101010
1110101010101010, 1010101010101010
1010011010101100, 1010101010101010
1010101010101011, 1010101010101010
1010101010101100, 1010101010101010
1010101010101110, 1010101010101010
1010101010111010, 1010101010101010
1010101011001010, 1010101010101010
1010101011101010, 1010101010101010
1010101110100001, 1010101010101010
1010101110100100, 1010101010101010
1010101110101010, 1010101010101010
1010110010100001, 1010101010101010
1010110010100011, 1010101010101010
1010110010100110, 1010101010101010
1010110010101010, 1010101010101010
1010111010100001, 1010101010101010
1010111010100100, 1010101010101010
1010111010101010, 1010101010101010
1011101000011010, 1010101010101010
1011101001001010, 1010101010101010
1011101010101010, 1010101010101010
1100101000011010, 1010101010101010
1100101000111010, 1010101010101010
1100101001101010, 1010101010101010
1100101010101010, 1010101010101010
1110101000011010, 1010101010101010
1110101001001010, 1010101010101010
1110101010101010, 1010101010101010
1010100110100011, 1010101010101010
1010101010101011, 1010101010101010
1010101010101100, 1010101010101010
1010101010101110, 1010101010101010
1010101010111010, 1010101010101010
1010101011001010, 1010101010101010
1010101011101010, 1010101010101010
1010101110100001, 1010101010101010
1010101110100100, 1010101010101010
1010101110101010, 1010101010101010
1010110010100001, 1010101010101010
1010110010100011, 1010101010101010
1010110010100110, 1010101010101010
1010110010101010, 1010101010101010
1010111010100001, 1010101010101010
1010111010100100, 1010101010101010
1010111010101010, 1010101010101010
1011101000011010, 1010101010101010
1011101001001010, 1010101010101010
1011101010101010, 1010101010101010
1100101000011010, 1010101010101010
1100101000111010, 1010101010101010
1100101001101010, 1010101010101010
1100101010101010, 1010101010101010
1110101000011010, 1010101010101010
1110101001001010, 1010101010101010
1110101010101010, 1010101010101010
1010100110100110, 1010101010101010
1010101010101011, 1010101010101010
1010101010101100, 1010101010101010
1010101010101110, 1010101010101010
1010101010111010, 1010101010101010
1010101011001010, 1010101010101010
1010101011101010, 1010101010101010
1010101110100001, 1010101010101010
1010101110100100, 1010101010101010
1010101110101010, 1010101010101010
1010110010100001, 1010101010101010
1010110010100011, 1010101010101010
1010110010100110, 1010101010101010
1010110010101010, 1010101010101010
1010111010100001, 1010101010101010
1010111010100100, 1010101010101010
1010111010101010, 1010101010101010
1011101000011010, 1010101010101010
1011101001001010, 1010101010101010
1011101010101010, 1010101010101010
1100101000011010, 1010101010101010
1100101000111010, 1010101010101010
1100101001101010, 1010101010101010
1100101010101010, 1010101010101010
1110101000011010, 1010101010101010
1110101001001010, 1010101010101010
1110101010101010, 1010101010101010
1010101000011010, 1010101010101010
1010101010101011, 1010101010101010
1010101010101100, 1010101010101010
1010101010101110, 1010101010101010
1010101010111010, 1010101010101010
1010101011001010, 1010101010101010
1010101011101010, 1010101010101010
1010101110100001, 1010101010101010
1010101110100100, 1010101010101010
1010101110101010, 1010101010101010
1010110010100001, 1010101010101010
1010110010100011, 1010101010101010
1010110010100110, 1010101010101010
1010110010101010, 1010101010101010
1010111010100001, 1010101010101010
1010111010100100, 1010101010101010
1010111010101010, 1010101010101010
1011000000011010, 1010101000011010
1011000110100000, 1011000000011010
1011101000010000, 1010101000011010
1011101000011010, 1010101010101010
1011101001001010, 1010101010101010
1011101010101010, 1010101010101010
1100101000011010, 1010101010101010
1100101000111010, 1010101010101010
1100101001101010, 1010101010101010
1100101010101010, 1010101010101010
1110001000011000, 1010101000011010
1110100000010010, 1010101000011010
1110101000011010, 1010101010101010
1110101001001010, 1010101010101010
1110101010101010, 1010101010101010
1010101000111010, 1010101010101010
1010101010101011, 1010101010101010
1010101010101100, 1010101010101010
1010101010101110, 1010101010101010
1010101010111010, 1010101010101010
1010101011001010, 1010101010101010
1010101011101010, 1010101010101010
1010101110100001, 1010101010101010
1010101110100100, 1010101010101010
1010101110101010, 1010101010101010
1010110010100001, 1010101010101010
1010110010100011, 1010101010101010
1010110010100110, 1010101010101010
1010110010101010, 1010101010101010
1010111010100001, 1010101010101010
1010111010100100, 1010101010101010
1010111010101010, 1010101010101010
1011101000011010, 1010101010101010
1011101001001010, 1010101010101010
1011101010101010, 1010101010101010
1100101000011010, 1010101010101010
1100101000111010, 1010101010101010
1100101001101010, 1010101010101010
1100101010101010, 1010101010101010
1110101000011010, 1010101010101010
1110101001001010, 1010101010101010
1110101010101010, 1010101010101010
1010101001001010, 1010101010101010
1010101010101011, 1010101010101010
1010101010101100, 1010101010101010
1010101010101110, 1010101010101010
1010101010111010, 1010101010101010
1010101011001010, 1010101010101010
1010101011101010, 1010101010101010
1010101110100001, 1010101010101010
1010101110100100, 1010101010101010
1010101110101010, 1010101010101010
1010110010100001, 1010101010101010
1010110010100011, 1010101010101010
1010110010100110, 1010101010101010
1010110010101010, 1010101010101010
1010111010100001, 1010101010101010
1010111010100100, 1010101010101010
1010111010101010, 1010101010101010
1011001001001000, 1010101001001010
1011100001000010, 1010101001001010
1011101000011010, 1010101010101010
1011101001001010, 1010101010101010
1011101010101010, 1010101010101010
1100101000011010, 1010101010101010
1100101000111010, 1010101010101010
1100101001101010, 1010101010101010
1100101010101010, 1010101010101010
1110000001001010, 1010101001001010
1110010010100000, 1110000001001010
1110101000011010, 1010101010101010
1110101001000000, 1010101001001010
1110101001001010, 1010101010101010
1110101010101010, 1010101010101010
1010101001101010, 1010101010101010
1010101010101011, 1010101010101010
1010101010101100, 1010101010101010
1010101010101110, 1010101010101010
1010101010111010, 1010101010101010
1010101011001010, 1010101010101010
1010101011101010, 1010101010101010
1010101110100001, 1010101010101010
1010101110100100, 1010101010101010
1010101110101010, 1010101010101010
1010110010100001, 1010101010101010
1010110010100011, 1010101010101010
1010110010100110, 1010101010101010
1010110010101010, 1010101010101010
1010111010100001, 1010101010101010
1010111010100100, 1010101010101010
1010111010101010, 1010101010101010
1011101000011010, 1010101010101010
1011101001001010, 1010101010101010
1011101010101010, 1010101010101010
1100101000011010, 1010101010101010
1100101000111010, 1010101010101010
1100101001101010, 1010101010101010
1100101010101010, 1010101010101010
1110101000011010, 1010101010101010
1110101001001010, 1010101010101010
1110101010101010, 1010101010101010
1010101010011010, 1010101010101010
1010101010101011, 1010101010101010
1010101010101100, 1010101010101010
1010101010101110, 1010101010101010
1010101010111010, 1010101010101010
1010101011001010, 1010101010101010
1010101011101010, 1010101010101010
1010101110100001, 1010101010101010
1010101110100100, 1010101010101010
1010101110101010, 1010101010101010
1010110010100001, 1010101010101010
1010110010100011, 1010101010101010
1010110010100110, 1010101010101010
1010110010101010, 1010101010101010
1010111010100001, 1010101010101010
1010111010100100, 1010101010101010
1010111010101010, 1010101010101010
1011101000011010, 1010101010101010
1011101001001010, 1010101010101010
1011101010101010, 1010101010101010
1100101000011010, 1010101010101010
1100101000111010, 1010101010101010
1100101001101010, 1010101010101010
1100101010101010, 1010101010101010
1110101000011010, 1010101010101010
1110101001001010, 1010101010101010
1110101010101010, 1010101010101010
1010101010100011, 1010101010101010
1010101010101011, 1010101010101010
1010101010101100, 1010101010101010
1010101010101110, 1010101010101010
1010101010111010, 1010101010101010
1010101011001010, 1010101010101010
1010101011101010, 1010101010101010
1010101110100001, 1010101010101010
1010101110100100, 1010101010101010
1010101110101010, 1010101010101010
1010110010100001, 1010101010101010
1010110010100011, 1010101010101010
1010110010100110, 1010101010101010
1010110010101010, 1010101010101010
1010111010100001, 1010101010101010
1010111010100100, 1010101010101010
1010111010101010, 1010101010101010
1011101000011010, 1010101010101010
1011101001001010, 1010101010101010
1011101010101010, 1010101010101010
1100101000011010, 1010101010101010
1100101000111010, 1010101010101010
1100101001101010, 1010101010101010
1100101010101010, 1010101010101010
1110101000011010, 1010101010101010
1110101001001010, 1010101010101010
1110101010101010, 1010101010101010
1010101010100110, 1010101010101010
1010101010101011, 1010101010101010
1010101010101100, 1010101010101010
1010101010101110, 1010101010101010
1010101010111010, 1010101010101010
1010101011001010, 1010101010101010
1010101011101010, 1010101010101010
1010101110100001, 1010101010101010
1010101110100100, 1010101010101010
1010101110101010, 1010101010101010
1010110010100001, 1010101010101010
1010110010100011, 1010101010101010
1010110010100110, 1010101010101010
1010110010101010, 1010101010101010
1010111010100001, 1010101010101010
1010111010100100, 1010101010101010
1010111010101010, 1010101010101010
1011101000011010, 1010101010101010
1011101001001010, 1010101010101010
1011101010101010, 1010101010101010
1100101000011010, 1010101010101010
1100101000111010, 1010101010101010
1100101001101010, 1010101010101010
1100101010101010, 1010101010101010
1110101000011010, 1010101010101010
1110101001001010, 1010101010101010
1110101010101010, 1010101010101010
1010101010101010, 1010101010101010
1010101010101011, 1010101010101010
1010101010101100, 1010101010101010
1010101010101110, 1010101010101010
1010101010111010, 1010101010101010
1010101011001010, 1010101010101010
1010101011101010, 1010101010101010
1010101110100001, 1010101010101010
1010101110100100, 1010101010101010
1010101110101010, 1010101010101010
1010110010100001, 1010101010101010
1010110010100011, 1010101010101010
1010110010100110, 1010101010101010
1010110010101010, 1010101010101010
1010111010100001, 1010101010101010
1010111010100100, 1010101010101010
1010111010101010, 1010101010101010
1011101000011010, 1010101010101010
1011101001001010, 1010101010101010
1011101010101010, 1010101010101010
1100101000011010, 1010101010101010
1100101000111010, 1010101010101010
1100101001101010, 1010101010101010
1100101010101010, 1010101010101010
1110101000011010, 1010101010101010
1110101001001010, 1010101010101010
1110101010101010, 1010101010101010
1011000010100001, 1011101000010000
1110000010100100, 1110101001000000
0000010010101110, 1010010010101010
0100101000001110, 0000010010101110
0010010010001011, 1010010010101010
1000010000101011, 1010010010101010
1010010000001110, 1010010010101010
1010010010101010, 1010101010101010
1010101010101011, 1010101010101010
1010101010101100, 1010101010101010
1010101010101110, 1010101010101010
1010101010111010, 1010101010101010
1010101011001010, 1010101010101010
1010101011101010, 1010101010101010
1010101110100001, 1010101010101010
1010101110100100, 1010101010101010
1010101110101010, 1010101010101010
1010110010100001, 1010101010101010
1010110010100011, 1010101010101010
1010110010100110, 1010101010101010
1010110010101010, 1010101010101010
1010111010100001, 1010101010101010
1010111010100100, 1010101010101010
1010111010101010, 1010101010101010
1011101000011010, 1010101010101010
1011101001001010, 1010101010101010
1011101010101010, 1010101010101010
1100101000011010, 1010101010101010
1100101000111010, 1010101010101010
1100101001101010, 1010101010101010
1100101010101010, 1010101010101010
1110101000011010, 1010101010101010
1110101001001010, 1010101010101010
1110101010101010, 1010101010101010
1010011010101010, 1010101010101010
1010101010101011, 1010101010101010
1010101010101100, 1010101010101010
1010101010101110, 1010101010101010
1010101010111010, 1010101010101010
1010101011001010, 1010101010101010
1010101011101010, 1010101010101010
1010101110100001, 1010101010101010
1010101110100100, 1010101010101010
1010101110101010, 1010101010101010
1010110010100001, 1010101010101010
1010110010100011, 1010101010101010
1010110010100110, 1010101010101010
1010110010101010, 1010101010101010
1010111010100001, 1010101010101010
1010111010100100, 1010101010101010
1010111010101010, 1010101010101010
1011101000011010, 1010101010101010
1011101001001010, 1010101010101010
1011101010101010, 1010101010101010
1100101000011010, 1010101010101010
1100101000111010, 1010101010101010
1100101001101010, 1010101010101010
1100101010101010, 1010101010101010
1110101000011010, 1010101010101010
1110101001001010, 1010101010101010
1110101010101010, 1010101010101010
1010100110100100, 1010101010101010
1010101010101011, 1010101010101010
1010101010101100, 1010101010101010
1010101010101110, 1010101010101010
1010101010111010, 1010101010101010
1010101011001010, 1010101010101010
1010101011101010, 1010101010101010
1010101110100001, 1010101010101010
1010101110100100, 1010101010101010
1010101110101010, 1010101010101010
1010110010100001, 1010101010101010
1010110010100011, 1010101010101010
1010110010100110, 1010101010101010
1010110010101010, 1010101010101010
1010111010100001, 1010101010101010
1010111010100100, 1010101010101010
1010111010101010, 1010101010101010
1011101000011010, 1010101010101010
1011101001001010, 1010101010101010
1011101010101010, 1010101010101010
1100101000011010, 1010101010101010
1100101000111010, 1010101010101010
1100101001101010, 1010101010101010
1100101010101010, 1010101010101010
1110101000011010, 1010101010101010
1110101001001010, 1010101010101010
1110101010101010, 1010101010101010
1010101010100001, 1010101010101010
1010101010101011, 1010101010101010
1010101010101100, 1010101010101010
1010101010101110, 1010101010101010
1010101010111010, 1010101010101010
1010101011001010, 1010101010101010
1010101011101010, 1010101010101010
1010101100000001, 1010101010100001
1010101110100001, 1010101010101010
1010101110100100, 1010101010101010
1010101110101010, 1010101010101010
1010110010100001, 1010101010101010
1010110010100011, 1010101010101010
1010110010100110, 1010101010101010
1010110010101010, 1010101010101010
1010111010100001, 1010101010101010
1010111010100100, 1010101010101010
1010111010101010, 1010101010101010
1011101000011010, 1010101010101010
1011101001001010, 1010101010101010
1011101010101010, 1010101010101010
1100101000011010, 1010101010101010
1100101000111010, 1010101010101010
1100101001101010, 1010101010101010
1100101010101010, 1010101010101010
1110101000011010, 1010101010101010
1110101001001010, 1010101010101010
1110101010101010, 1010101010101010
1010101010101001, 1010101010101010
1010101010101011, 1010101010101010
1010101010101100, 1010101010101010
1010101010101110, 1010101010101010
1010101010111010, 1010101010101010
1010101011001010, 1010101010101010
1010101011101010, 1010101010101010
1010101110100001, 1010101010101010
1010101110100100, 1010101010101010
1010101110101010, 1010101010101010
1010110010100001, 1010101010101010
1010110010100011, 1010101010101010
1010110010100110, 1010101010101010
1010110010101010, 1010101010101010
1010111010100001, 1010101010101010
1010111010100100, 1010101010101010
1010111010101010, 1010101010101010
1011101000011010, 1010101010101010
1011101001001010, 1010101010101010
1011101010101010, 1010101010101010
1100101000011010, 1010101010101010
1100101000111010, 1010101010101010
1100101001101010, 1010101010101010
1100101010101010, 1010101010101010
1110101000011010, 1010101010101010
1110101001001010, 1010101010101010
1110101010101010, 1010101010101010
0000101000011011, 1010000100001011
0000101001001110, 1010010000001110
0000101100011010, 1010101100000001
0000101110100001, 1010101010100001
0001101100001010, 0000101110100001
1010101100000001, 1010101010100001
0010111010000001, 1010101010100001
1010101100000001, 1010101010100001
1000111000100001, 1010101010100001
1010101100000001, 1010101010100001
0000111001001010, 1010111000000100
0000111010100100, 1010101010100100
0100111000001010, 0000111010100100
1010111000000100, 1010101010100100
0010101110000100, 1010101010100100
1010111000000100, 1010101010100100
1000101100100100, 1010101010100100
1010111000000100, 1010101010100100
1010101010100100, 1010101010101010
1010101010101011, 1010101010101010
1010101010101100, 1010101010101010
1010101010101110, 1010101010101010
1010101010111010, 1010101010101010
1010101011001010, 1010101010101010
1010101011101010, 1010101010101010
1010101110100001, 1010101010101010
1010101110100100, 1010101010101010
1010101110101010, 1010101010101010
1010110010100001, 1010101010101010
1010110010100011, 1010101010101010
1010110010100110, 1010101010101010
1010110010101010, 1010101010101010
1010111000000100, 1010101010100100
1010111010100001, 1010101010101010
1010111010100100, 1010101010101010
1010111010101010, 1010101010101010
1011101000011010, 1010101010101010
1011101001001010, 1010101010101010
1011101010101010, 1010101010101010
1100101000011010, 1010101010101010
1100101000111010, 1010101010101010
1100101001101010, 1010101010101010
1100101010101010, 1010101010101010
1110101000011010, 1010101010101010
1110101001001010, 1010101010101010
1110101010101010, 1010101010101010
0001000010111010, 0001101010101010
0001101010110000, 0001101010101010
1010000010110001, 0001101010110000
1010000110110000, 0001000010111010
0001001011101000, 0001101010101010
0001101010110000, 0001101010101010
1010000010110001, 0001101010110000
0001100011100010, 0001101010101010
0001101010110000, 0001101010101010
1010000010110001, 0001101010110000
0001101010101010, 1010101010101010
0001101010110000, 0001101010101010
1010000010110001, 0001101010110000
1010101010101011, 1010101010101010
1010101010101100, 1010101010101010
1010101010101110, 1010101010101010
1010101010111010, 1010101010101010
1010101011001010, 1010101010101010
1010101011101010, 1010101010101010
1010101110100001, 1010101010101010
1010101110100100, 1010101010101010
1010101110101010, 1010101010101010
1010110010100001, 1010101010101010
1010110010100011, 1010101010101010
1010110010100110, 1010101010101010
1010110010101010, 1010101010101010
1010111010100001, 1010101010101010
1010111010100100, 1010101010101010
1010111010101010, 1010101010101010
1011101000011010, 1010101010101010
1011101001001010, 1010101010101010
1011101010101010, 1010101010101010
1100101000011010, 1010101010101010
1100101000111010, 1010101010101010
1100101001101010, 1010101010101010
1100101010101010, 1010101010101010
1110101000011010, 1010101010101010
1110101001001010, 1010101010101010
1110101010101010, 1010101010101010
0001101010111010, 1010101010101010
1010101010101011, 1010101010101010
1010101010101100, 1010101010101010
1010101010101110, 1010101010101010
1010101010111010, 1010101010101010
1010101011001010, 1010101010101010
1010101011101010, 1010101010101010
1010101110100001, 1010101010101010
1010101110100100, 1010101010101010
1010101110101010, 1010101010101010
1010110010100001, 1010101010101010
1010110010100011, 1010101010101010
1010110010100110, 1010101010101010
1010110010101010, 1010101010101010
1010111010100001, 1010101010101010
1010111010100100, 1010101010101010
1010111010101010, 1010101010101010
1011101000011010, 1010101010101010
1011101001001010, 1010101010101010
1011101010101010, 1010101010101010
1100101000011010, 1010101010101010
1100101000111010, 1010101010101010
1100101001101010, 1010101010101010
1100101010101010, 1010101010101010
1110101000011010, 1010101010101010
1110101001001010, 1010101010101010
1110101010101010, 1010101010101010
0001101011001010, 1010101010101010
1010101010101011, 1010101010101010
1010101010101100, 1010101010101010
1010101010101110, 1010101010101010
1010101010111010, 1010101010101010
1010101011001010, 1010101010101010
1010101011101010, 1010101010101010
1010101110100001, 1010101010101010
1010101110100100, 1010101010101010
1010101110101010, 1010101010101010
1010110010100001, 1010101010101010
1010110010100011, 1010101010101010
1010110010100110, 1010101010101010
1010110010101010, 1010101010101010
1010111010100001, 1010101010101010
1010111010100100, 1010101010101010
1010111010101010, 1010101010101010
1011101000011010, 1010101010101010
1011101001001010, 1010101010101010
1011101010101010, 1010101010101010
1100101000011010, 1010101010101010
1100101000111010, 1010101010101010
1100101001101010, 1010101010101010
1100101010101010, 1010101010101010
1110101000011010, 1010101010101010
1110101001001010, 1010101010101010
1110101010101010, 1010101010101010
0001101011101010, 1010101010101010
1010101010101011, 1010101010101010
1010101010101100, 1010101010101010
1010101010101110, 1010101010101010
1010101010111010, 1010101010101010
1010101011001010, 1010101010101010
1010101011101010, 1010101010101010
1010101110100001, 1010101010101010
1010101110100100, 1010101010101010
1010101110101010, 1010101010101010
1010110010100001, 1010101010101010
1010110010100011, 1010101010101010
1010110010100110, 1010101010101010
1010110010101010, 1010101010101010
1010111010100001, 1010101010101010
1010111010100100, 1010101010101010
1010111010101010, 1010101010101010
1011101000011010, 1010101010101010
1011101001001010, 1010101010101010
1011101010101010, 1010101010101010
1100101000011010, 1010101010101010
1100101000111010, 1010101010101010
1100101001101010, 1010101010101010
1100101010101010, 1010101010101010
1110101000011010, 1010101010101010
1110101001001010, 1010101010101010
1110101010101010, 1010101010101010
0011101001001010, 1010101010101010
1010101010101011, 1010101010101010
1010101010101100, 1010101010101010
1010101010101110, 1010101010101010
1010101010111010, 1010101010101010
1010101011001010, 1010101010101010
1010101011101010, 1010101010101010
1010101110100001, 1010101010101010
1010101110100100, 1010101010101010
1010101110101010, 1010101010101010
1010110010100001, 1010101010101010
1010110010100011, 1010101010101010
1010110010100110, 1010101010101010
1010110010101010, 1010101010101010
1010111010100001, 1010101010101010
1010111010100100, 1010101010101010
1010111010101010, 1010101010101010
1011101000011010, 1010101010101010
1011101001001010, 1010101010101010
1011101010101010, 1010101010101010
1100101000011010, 1010101010101010
1100101000111010, 1010101010101010
1100101001101010, 1010101010101010
1100101010101010, 1010101010101010
1110101000011010, 1010101010101010
1110101001001010, 1010101010101010
1110101010101010, 1010101010101010
0011101010011010, 1010101010101010
1010101010101011, 1010101010101010
1010101010101100, 1010101010101010
1010101010101110, 1010101010101010
1010101010111010, 1010101010101010
1010101011001010, 1010101010101010
1010101011101010, 1010101010101010
1010101110100001, 1010101010101010
1010101110100100, 1010101010101010
1010101110101010, 1010101010101010
1010110010100001, 1010101010101010
1010110010100011, 1010101010101010
1010110010100110, 1010101010101010
1010110010101010, 1010101010101010
1010111010100001, 1010101010101010
1010111010100100, 1010101010101010
1010111010101010, 1010101010101010
1011101000011010, 1010101010101010
1011101001001010, 1010101010101010
1011101010101010, 1010101010101010
1100101000011010, 1010101010101010
1100101000111010, 1010101010101010
1100101001101010, 1010101010101010
1100101010101010, 1010101010101010
1110101000011010, 1010101010101010
1110101001001010, 1010101010101010
1110101010101010, 1010101010101010
0011101010101010, 1010101010101010
1010101010101011, 1010101010101010
1010101010101100, 1010101010101010
1010101010101110, 1010101010101010
1010101010111010, 1010101010101010
1010101011001010, 1010101010101010
1010101011101010, 1010101010101010
1010101110100001, 1010101010101010
1010101110100100, 1010101010101010
1010101110101010, 1010101010101010
1010110010100001, 1010101010101010
1010110010100011, 1010101010101010
1010110010100110, 1010101010101010
1010110010101010, 1010101010101010
1010111010100001, 1010101010101010
1010111010100100, 1010101010101010
1010111010101010, 1010101010101010
1011101000011010, 1010101010101010
1011101001001010, 1010101010101010
1011101010101010, 1010101010101010
1100101000011010, 1010101010101010
1100101000111010, 1010101010101010
1100101001101010, 1010101010101010
1100101010101010, 1010101010101010
1110101000011010, 1010101010101010
1110101001001010, 1010101010101010
1110101010101010, 1010101010101010
0011101011001010, 1010101010101010
1010101010101011, 1010101010101010
1010101010101100, 1010101010101010
1010101010101110, 1010101010101010
1010101010111010, 1010101010101010
1010101011001010, 1010101010101010
1010101011101010, 1010101010101010
1010101110100001, 1010101010101010
1010101110100100, 1010101010101010
1010101110101010, 1010101010101010
1010110010100001, 1010101010101010
1010110010100011, 1010101010101010
1010110010100110, 1010101010101010
1010110010101010, 1010101010101010
1010111010100001, 1010101010101010
1010111010100100, 1010101010101010
1010111010101010, 1010101010101010
1011101000011010, 1010101010101010
1011101001001010, 1010101010101010
1011101010101010, 1010101010101010
1100101000011010, 1010101010101010
1100101000111010, 1010101010101010
1100101001101010, 1010101010101010
1100101010101010, 1010101010101010
1110101000011010, 1010101010101010
1110101001001010, 1010101010101010
1110101010101010, 1010101010101010
0100000100010001, 1010101010111010
0100010011110101, 0100000100010001
0100010111110100, 0100000100010001
0101010011100101, 0100000100010001
0101010111100100, 0100000100010001
0110010011100101, 0100000100010001
0110010111100100, 0100000100010001
1100010011100101, 0100000100010001
1100010111100100, 0100000100010001
1110000101010101, 0100000100010001
1110010101010001, 0100000100010001
0100000101000001, 1010101010101010
0100001101111001, 0100000101000001
0100001111011001, 0100000101000001
0100100101110011, 0100000101000001
0100100111010011, 0100000101000001
0101001101101001, 0100000101000001
0101001111001001, 0100000101000001
0101100101100011, 0100000101000001
0101100111000011, 0100000101000001
0110000111000111, 0100000101000001
0110000111001101, 0100000101000001
0110001101011001, 0100000101000001
0110001111000101, 0100000101000001
0110001111001001, 0100000101000001
0110010111000011, 0100000101000001
0110010111001001, 0100000101000001
0110011111000001, 0100000101000001
0110100000101001, 0110001111001001
0110100101010011, 0100000101000001
0110100111000011, 0100000101000001
0110100111000101, 0100000101000001
0110110111000001, 0100000101000001
0111001101001001, 0100000101000001
0111100101000011, 0100000101000001
1000001011000011, 0110100111000011
1000001111000010, 0110001111001001
1010101010101011, 1010101010101010
1010101010101100, 1010101010101010
1010101010101110, 1010101010101010
1010101010111010, 1010101010101010
1010101011001010, 1010101010101010
1010101011101010, 1010101010101010
1010101110100001, 1010101010101010
1010101110100100, 1010101010101010
1010101110101010, 1010101010101010
1010110010100001, 1010101010101010
1010110010100011, 1010101010101010
1010110010100110, 1010101010101010
1010110010101010, 1010101010101010
1010111010100001, 1010101010101010
1010111010100100, 1010101010101010
1010111010101010, 1010101010101010
1011101000011010, 1010101010101010
1011101001001010, 1010101010101010
1011101010101010, 1010101010101010
1100000101100111, 0100000101000001
1100000101101101, 0100000101000001
1100001101011001, 0100000101000001
1100001101100101, 0100000101000001
1100001101101001, 0100000101000001
1100001110000010, 1100001101101001
1100010101100011, 0100000101000001
1100010101101001, 0100000101000001
1100011101100001, 0100000101000001
1100100101010011, 0100000101000001
1100100101100011, 0100000101000001
1100100101100101, 0100000101000001
1100101000011010, 1010101010101010
1100101000111010, 1010101010101010
1100101001101010, 1010101010101010
1100101010101010, 1010101010101010
1100110101100001, 0100000101000001
1101001101001001, 0100000101000001
1101100101000011, 0100000101000001
1110101000011010, 1010101010101010
1110101001001010, 1010101010101010
1110101010101010, 1010101010101010
0100010000010001, 1010101010101010
0100010001110111, 0100010000010001
0100010001111101, 0100010000010001
0100010011010111, 0100010000010001
0100010011011101, 0100010000010001
0111011100010001, 0100010000010001
0111110100010001, 0100010000010001
1010101010101011, 1010101010101010
1010101010101100, 1010101010101010
1010101010101110, 1010101010101010
1010101010111010, 1010101010101010
1010101011001010, 1010101010101010
1010101011101010, 1010101010101010
1010101110100001, 1010101010101010
1010101110100100, 1010101010101010
1010101110101010, 1010101010101010
1010110010100001, 1010101010101010
1010110010100011, 1010101010101010
1010110010100110, 1010101010101010
1010110010101010, 1010101010101010
1010111010100001, 1010101010101010
1010111010100100, 1010101010101010
1010111010101010, 1010101010101010
1011101000011010, 1010101010101010
1011101001001010, 1010101010101010
1011101010101010, 1010101010101010
1100101000011010, 1010101010101010
1100101000111010, 1010101010101010
1100101001101010, 1010101010101010
1100101010101010, 1010101010101010
1101011100010001, 0100010000010001
1101110100010001, 0100010000010001
1110101000011010, 1010101010101010
1110101001001010, 1010101010101010
1110101010101010, 1010101010101010
0100010000010100, 1110101010101010
0101010010110101, 0100010000010100
0101010110110100, 0100010000010100
1011000100110101, 0100010000010100
1011000101010101, 0100010000010100
1011000110010101, 0100010000010100
1011010100110001, 0100010000010100
1011010101010001, 0100010000010100
1011010110010001, 0100010000010100
1111000100010101, 0100010000010100
1111010100010001, 0100010000010100
0100010001000001, 1010111010101010
0100010101011011, 0100010001000001
0101010101001011, 0100010001000001
0101101100010011, 0100010001000001
0101101100010101, 0100010001000001
0101101100011001, 0100010001000001
0101111100010001, 0100010001000001
0100101000111010, 1010101010101010
1010101010101011, 1010101010101010
1010101010101100, 1010101010101010
1010101010101110, 1010101010101010
1010101010111010, 1010101010101010
1010101011001010, 1010101010101010
1010101011101010, 1010101010101010
1010101110100001, 1010101010101010
1010101110100100, 1010101010101010
1010101110101010, 1010101010101010
1010110010100001, 1010101010101010
1010110010100011, 1010101010101010
1010110010100110, 1010101010101010
1010110010101010, 1010101010101010
1010111010100001, 1010101010101010
1010111010100100, 1010101010101010
1010111010101010, 1010101010101010
1011101000011010, 1010101010101010
1011101001001010, 1010101010101010
1011101010101010, 1010101010101010
1100101000011010, 1010101010101010
1100101000111010, 1010101010101010
1100101001101010, 1010101010101010
1100101010101010, 1010101010101010
1110101000011010, 1010101010101010
1110101001001010, 1010101010101010
1110101010101010, 1010101010101010
0100101001001010, 1010101010101010
1010101010101011, 1010101010101010
1010101010101100, 1010101010101010
1010101010101110, 1010101010101010
1010101010111010, 1010101010101010
1010101011001010, 1010101010101010
1010101011101010, 1010101010101010
1010101110100001, 1010101010101010
1010101110100100, 1010101010101010
1010101110101010, 1010101010101010
1010110010100001, 1010101010101010
1010110010100011, 1010101010101010
1010110010100110, 1010101010101010
1010110010101010, 1010101010101010
1010111010100001, 1010101010101010
1010111010100100, 1010101010101010
1010111010101010, 1010101010101010
1011101000011010, 1010101010101010
1011101001001010, 1010101010101010
1011101010101010, 1010101010101010
1100101000011010, 1010101010101010
1100101000111010, 1010101010101010
1100101001101010, 1010101010101010
1100101010101010, 1010101010101010
1110101000011010, 1010101010101010
1110101001001010, 1010101010101010
1110101010101010, 1010101010101010
0100101010011010, 1010101010101010
1010101010101011, 1010101010101010
1010101010101100, 1010101010101010
1010101010101110, 1010101010101010
1010101010111010, 1010101010101010
1010101011001010, 1010101010101010
1010101011101010, 1010101010101010
1010101110100001, 1010101010101010
1010101110100100, 1010101010101010
1010101110101010, 1010101010101010
1010110010100001, 1010101010101010
1010110010100011, 1010101010101010
1010110010100110, 1010101010101010
1010110010101010, 1010101010101010
1010111010100001, 1010101010101010
1010111010100100, 1010101010101010
1010111010101010, 1010101010101010
1011101000011010, 1010101010101010
1011101001001010, 1010101010101010
1011101010101010, 1010101010101010
1100101000011010, 1010101010101010
1100101000111010, 1010101010101010
1100101001101010, 1010101010101010
1100101010101010, 1010101010101010
1110101000011010, 1010101010101010
1110101001001010, 1010101010101010
1110101010101010, 1010101010101010
0100101010101010, 1010101010101010
0100101011100000, 0100101010101010
1010000011100100, 0100101011100000
1010101010101011, 1010101010101010
1010101010101100, 1010101010101010
1010101010101110, 1010101010101010
1010101010111010, 1010101010101010
1010101011001010, 1010101010101010
1010101011101010, 1010101010101010
1010101110100001, 1010101010101010
1010101110100100, 1010101010101010
1010101110101010, 1010101010101010
1010110010100001, 1010101010101010
1010110010100011, 1010101010101010
1010110010100110, 1010101010101010
1010110010101010, 1010101010101010
1010111010100001, 1010101010101010
1010111010100100, 1010101010101010
1010111010101010, 1010101010101010
1011101000011010, 1010101010101010
1011101001001010, 1010101010101010
1011101010101010, 1010101010101010
1100101000011010, 1010101010101010
1100101000111010, 1010101010101010
1100101001101010, 1010101010101010
1100101010101010, 1010101010101010
1110101000011010, 1010101010101010
1110101001001010, 1010101010101010
1110101010101010, 1010101010101010
0100101010111010, 1010101010101010
1010101010101011, 1010101010101010
1010101010101100, 1010101010101010
1010101010101110, 1010101010101010
1010101010111010, 1010101010101010
1010101011001010, 1010101010101010
1010101011101010, 1010101010101010
1010101110100001, 1010101010101010
1010101110100100, 1010101010101010
1010101110101010, 1010101010101010
1010110010100001, 1010101010101010
1010110010100011, 1010101010101010
1010110010100110, 1010101010101010
1010110010101010, 1010101010101010
1010111010100001, 1010101010101010
1010111010100100, 1010101010101010
1010111010101010, 1010101010101010
1011101000011010, 1010101010101010
1011101001001010, 1010101010101010
1011101010101010, 1010101010101010
1100101000011010, 1010101010101010
1100101000111010, 1010101010101010
1100101001101010, 1010101010101010
1100101010101010, 1010101010101010
1110101000011010, 1010101010101010
1110101001001010, 1010101010101010
1110101010101010, 1010101010101010
0100101011101010, 1010101010101010
1010101010101011, 1010101010101010
1010101010101100, 1010101010101010
1010101010101110, 1010101010101010
1010101010111010, 1010101010101010
1010101011001010, 1010101010101010
1010101011101010, 1010101010101010
1010101110100001, 1010101010101010
1010101110100100, 1010101010101010
1010101110101010, 1010101010101010
1010110010100001, 1010101010101010
1010110010100011, 1010101010101010
1010110010100110, 1010101010101010
1010110010101010, 1010101010101010
1010111010100001, 1010101010101010
1010111010100100, 1010101010101010
1010111010101010, 1010101010101010
1011101000011010, 1010101010101010
1011101001001010, 1010101010101010
1011101010101010, 1010101010101010
1100101000011010, 1010101010101010
1100101000111010, 1010101010101010
1100101001101010, 1010101010101010
1100101010101010, 1010101010101010
1110101000011010, 1010101010101010
1110101001001010, 1010101010101010
1110101010101010, 1010101010101010
0110100100101000, 0110100111000011
1000001011000011, 0110100111000011
0110101000011010, 1010101010101010
1010101010101011, 1010101010101010
1010101010101100, 1010101010101010
1010101010101110, 1010101010101010
1010101010111010, 1010101010101010
1010101011001010, 1010101010101010
1010101011101010, 1010101010101010
1010101110100001, 1010101010101010
1010101110100100, 1010101010101010
1010101110101010, 1010101010101010
1010110010100001, 1010101010101010
1010110010100011, 1010101010101010
1010110010100110, 1010101010101010
1010110010101010, 1010101010101010
1010111010100001, 1010101010101010
1010111010100100, 1010101010101010
1010111010101010, 1010101010101010
1011101000011010, 1010101010101010
1011101001001010, 1010101010101010
1011101010101010, 1010101010101010
1100101000011010, 1010101010101010
1100101000111010, 1010101010101010
1100101001101010, 1010101010101010
1100101010101010, 1010101010101010
1110101000011010, 1010101010101010
1110101001001010, 1010101010101010
1110101010101010, 1010101010101010
0110101010011010, 1010101010101010
1010101010101011, 1010101010101010
1010101010101100, 1010101010101010
1010101010101110, 1010101010101010
1010101010111010, 1010101010101010
1010101011001010, 1010101010101010
1010101011101010, 1010101010101010
1010101110100001, 1010101010101010
1010101110100100, 1010101010101010
1010101110101010, 1010101010101010
1010110010100001, 1010101010101010
1010110010100011, 1010101010101010
1010110010100110, 1010101010101010
1010110010101010, 1010101010101010
1010111010100001, 1010101010101010
1010111010100100, 1010101010101010
1010111010101010, 1010101010101010
1011101000011010, 1010101010101010
1011101001001010, 1010101010101010
1011101010101010, 1010101010101010
1100101000011010, 1010101010101010
1100101000111010, 1010101010101010
1100101001101010, 1010101010101010
1100101010101010, 1010101010101010
1110101000011010, 1010101010101010
1110101001001010, 1010101010101010
1110101010101010, 1010101010101010
0110101010101010, 1010101010101010
1010101010101011, 1010101010101010
1010101010101100, 1010101010101010
1010101010101110, 1010101010101010
1010101010111010, 1010101010101010
1010101011001010, 1010101010101010
1010101011101010, 1010101010101010
1010101110100001, 1010101010101010
1010101110100100, 1010101010101010
1010101110101010, 1010101010101010
1010110010100001, 1010101010101010
1010110010100011, 1010101010101010
1010110010100110, 1010101010101010
1010110010101010, 1010101010101010
1010111010100001, 1010101010101010
1010111010100100, 1010101010101010
1010111010101010, 1010101010101010
1011101000011010, 1010101010101010
1011101001001010, 1010101010101010
1011101010101010, 1010101010101010
1100101000011010, 1010101010101010
1100101000111010, 1010101010101010
1100101001101010, 1010101010101010
1100101010101010, 1010101010101010
1110101000011010, 1010101010101010
1110101001001010, 1010101010101010
1110101010101010, 1010101010101010
0110101011001010, 1010101010101010
1010101010101011, 1010101010101010
1010101010101100, 1010101010101010
1010101010101110, 1010101010101010
1010101010111010, 1010101010101010
1010101011001010, 1010101010101010
1010101011101010, 1010101010101010
1010101110100001, 1010101010101010
1010101110100100, 1010101010101010
1010101110101010, 1010101010101010
1010110010100001, 1010101010101010
1010110010100011, 1010101010101010
1010110010100110, 1010101010101010
1010110010101010, 1010101010101010
1010111010100001, 1010101010101010
1010111010100100, 1010101010101010
1010111010101010, 1010101010101010
1011101000011010, 1010101010101010
1011101001001010, 1010101010101010
1011101010101010, 1010101010101010
1100101000011010, 1010101010101010
1100101000111010, 1010101010101010
1100101001101010, 1010101010101010
1100101010101010, 1010101010101010
1110101000011010, 1010101010101010
1110101001001010, 1010101010101010
1110101010101010, 1010101010101010
1001101000111010, 1010101010101010
1010101010101011, 1010101010101010
1010101010101100, 1010101010101010
1010101010101110, 1010101010101010
1010101010111010, 1010101010101010
1010101011001010, 1010101010101010
1010101011101010, 1010101010101010
1010101110100001, 1010101010101010
1010101110100100, 1010101010101010
1010101110101010, 1010101010101010
1010110010100001, 1010101010101010
1010110010100011, 1010101010101010
1010110010100110, 1010101010101010
1010110010101010, 1010101010101010
1010111010100001, 1010101010101010
1010111010100100, 1010101010101010
1010111010101010, 1010101010101010
1011101000011010, 1010101010101010
1011101001001010, 1010101010101010
1011101010101010, 1010101010101010
1100101000011010, 1010101010101010
1100101000111010, 1010101010101010
1100101001101010, 1010101010101010
1100101010101010, 1010101010101010
1110101000011010, 1010101010101010
1110101001001010, 1010101010101010
1110101010101010, 1010101010101010
1001101001001010, 1010101010101010
1010101010101011, 1010101010101010
1010101010101100, 1010101010101010
1010101010101110, 1010101010101010
1010101010111010, 1010101010101010
1010101011001010, 1010101010101010
1010101011101010, 1010101010101010
1010101110100001, 1010101010101010
1010101110100100, 1010101010101010
1010101110101010, 1010101010101010
1010110010100001, 1010101010101010
1010110010100011, 1010101010101010
1010110010100110, 1010101010101010
1010110010101010, 1010101010101010
1010111010100001, 1010101010101010
1010111010100100, 1010101010101010
1010111010101010, 1010101010101010
1011101000011010, 1010101010101010
1011101001001010, 1010101010101010
1011101010101010, 1010101010101010
1100101000011010, 1010101010101010
1100101000111010, 1010101010101010
1100101001101010, 1010101010101010
1100101010101010, 1010101010101010
1110101000011010, 1010101010101010
1110101001001010, 1010101010101010
1110101010101010, 1010101010101010
1001101001101010, 1010101010101010
1010101010101011, 1010101010101010
1010101010101100, 1010101010101010
1010101010101110, 1010101010101010
1010101010111010, 1010101010101010
1010101011001010, 1010101010101010
1010101011101010, 1010101010101010
1010101110100001, 1010101010101010
1010101110100100, 1010101010101010
1010101110101010, 1010101010101010
1010110010100001, 1010101010101010
1010110010100011, 1010101010101010
1010110010100110, 1010101010101010
1010110010101010, 1010101010101010
1010111010100001, 1010101010101010
1010111010100100, 1010101010101010
1010111010101010, 1010101010101010
1011101000011010, 1010101010101010
1011101001001010, 1010101010101010
1011101010101010, 1010101010101010
1100101000011010, 1010101010101010
1100101000111010, 1010101010101010
1100101001101010, 1010101010101010
1100101010101010, 1010101010101010
1110101000011010, 1010101010101010
1110101001001010, 1010101010101010
1110101010101010, 1010101010101010
1001101010101010, 1010101010101010
1010101010101011, 1010101010101010
1010101010101100, 1010101010101010
1010101010101110, 1010101010101010
1010101010111010, 1010101010101010
1010101011001010, 1010101010101010
1010101011101010, 1010101010101010
1010101110100001, 1010101010101010
1010101110100100, 1010101010101010
1010101110101010, 1010101010101010
1010110010100001, 1010101010101010
1010110010100011, 1010101010101010
1010110010100110, 1010101010101010
1010110010101010, 1010101010101010
1010111010100001, 1010101010101010
1010111010100100, 1010101010101010
1010111010101010, 1010101010101010
1011101000011010, 1010101010101010
1011101001001010, 1010101010101010
1011101010101010, 1010101010101010
1100101000011010, 1010101010101010
1100101000111010, 1010101010101010
1100101001101010, 1010101010101010
1100101010101010, 1010101010101010
1110101000011010, 1010101010101010
1110101001001010, 1010101010101010
1110101010101010, 1010101010101010
1010000110100001, 1010101010101010
1010101010101011, 1010101010101010
1010101010101100, 1010101010101010
1010101010101110, 1010101010101010
1010101010111010, 1010101010101010
1010101011001010, 1010101010101010
1010101011101010, 1010101010101010
1010101110100001, 1010101010101010
1010101110100100, 1010101010101010
1010101110101010, 1010101010101010
1010110010100001, 1010101010101010
1010110010100011, 1010101010101010
1010110010100110, 1010101010101010
1010110010101010, 1010101010101010
1010111010100001, 1010101010101010
1010111010100100, 1010101010101010
1010111010101010, 1010101010101010
1011101000011010, 1010101010101010
1011101001001010, 1010101010101010
1011101010101010, 1010101010101010
1100101000011010, 1010101010101010
1100101000111010, 1010101010101010
1100101001101010, 1010101010101010
1100101010101010, 1010101010101010
1110101000011010, 1010101010101010
1110101001001010, 1010101010101010
1110101010101010, 1010101010101010
1010000110100110, 1010101010101010
1010101010101011, 1010101010101010
1010101010101100, 1010101010101010
1010101010101110, 1010101010101010
1010101010111010, 1010101010101010
1010101011001010, 1010101010101010
1010101011101010, 1010101010101010
1010101110100001, 1010101010101010
1010101110100100, 1010101010101010
1010101110101010, 1010101010101010
1010110010100001, 1010101010101010
1010110010100011, 1010101010101010
1010110010100110, 1010101010101010
1010110010101010, 1010101010101010
1010111010100001, 1010101010101010
1010111010100100, 1010101010101010
1010111010101010, 1010101010101010
1011101000011010, 1010101010101010
1011101001001010, 1010101010101010
1011101010101010, 1010101010101010
1100101000011010, 1010101010101010
1100101000111010, 1010101010101010
1100101001101010, 1010101010101010
1100101010101010, 1010101010101010
1110101000011010, 1010101010101010
1110101001001010, 1010101010101010
1110101010101010, 1010101010101010
1010000110101110, 1010101010101010
1010101010101011, 1010101010101010
1010101010101100, 1010101010101010
1010101010101110, 1010101010101010
1010101010111010, 1010101010101010
1010101011001010, 1010101010101010
1010101011101010, 1010101010101010
1010101110100001, 1010101010101010
1010101110100100, 1010101010101010
1010101110101010, 1010101010101010
1010110010100001, 1010101010101010
1010110010100011, 1010101010101010
1010110010100110, 1010101010101010
1010110010101010, 1010101010101010
1010111010100001, 1010101010101010
1010111010100100, 1010101010101010
1010111010101010, 1010101010101010
1011101000011010, 1010101010101010
1011101001001010, 1010101010101010
1011101010101010, 1010101010101010
1100101000011010, 1010101010101010
1100101000111010, 1010101010101010
1100101001101010, 1010101010101010
1100101010101010, 1010101010101010
1110101000011010, 1010101010101010
1110101001001010, 1010101010101010
1110101010101010, 1010101010101010
1010001110101010, 1010101010101010
1010101010101011, 1010101010101010
1010101010101100, 1010101010101010
1010101010101110, 1010101010101010
1010101010111010, 1010101010101010
1010101011001010, 1010101010101010
1010101011101010, 1010101010101010
1010101110100001, 1010101010101010
1010101110100100, 1010101010101010
1010101110101010, 1010101010101010
1010110010100001, 1010101010101010
1010110010100011, 1010101010101010
1010110010100110, 1010101010101010
1010110010101010, 1010101010101010
1010111010100001, 1010101010101010
1010111010100100, 1010101010101010
1010111010101010, 1010101010101010
1011101000011010, 1010101010101010
1011101001001010, 1010101010101010
1011101010101010, 1010101010101010
1100101000011010, 1010101010101010
1100101000111010, 1010101010101010
1100101001101010, 1010101010101010
1100101010101010, 1010101010101010
1110101000011010, 1010101010101010
1110101001001010, 1010101010101010
1110101010101010, 1010101010101010
1010010010100100, 1010101010101010
1010101010101011, 1010101010101010
1010101010101100, 1010101010101010
1010101010101110, 1010101010101010
1010101010111010, 1010101010101010
1010101011001010, 1010101010101010
1010101011101010, 1010101010101010
1010101110100001, 1010101010101010
1010101110100100, 1010101010101010
1010101110101010, 1010101010101010
1010110010100001, 1010101010101010
1010110010100011, 1010101010101010
1010110010100110, 1010101010101010
1010110010101010, 1010101010101010
1010111010100001, 1010101010101010
1010111010100100, 1010101010101010
1010111010101010, 1010101010101010
1011101000011010, 1010101010101010
1011101001001010, 1010101010101010
1011101010101010, 1010101010101010
1100101000011010, 1010101010101010
1100101000111010, 1010101010101010
1100101001101010, 1010101010101010
1100101010101010, 1010101010101010
1110101000011010, 1010101010101010
1110101001001010, 1010101010101010
1110101010101010, 1010101010101010
1010100110101010, 1010101010101010
1010101010101011, 1010101010101010
1010101010101100, 1010101010101010
1010101010101110, 1010101010101010
1010101010111010, 1010101010101010
1010101011001010, 1010101010101010
1010101011101010, 1010101010101010
1010101110100001, 1010101010101010
1010101110100100, 1010101010101010
1010101110101010, 1010101010101010
1010110010100001, 1010101010101010
1010110010100011, 1010101010101010
1010110010100110, 1010101010101010
1010110010101010, 1010101010101010
1010111010100001, 1010101010101010
1010111010100100, 1010101010101010
1010111010101010, 1010101010101010
1011101000011010, 1010101010101010
1011101001001010, 1010101010101010
1011101010101010, 1010101010101010
1100101000011010, 1010101010101010
1100101000111010, 1010101010101010
1100101001101010, 1010101010101010
1100101010101010, 1010101010101010
1110101000011010, 1010101010101010
1110101001001010, 1010101010101010
1110101010101010, 1010101010101010
1100001010000011, 1100100101100011
0001000100010100, 1010101110101010
0001010101011110, 0001000100010100
0100111001010101, 0001000100010100
0100111001010110, 0001000100010100
0100111001011100, 0001000100010100
0100111101010100, 0001000100010100
0101010100011110, 0001000100010100
0101111001000101, 0001000100010100
0101111001000110, 0001000100010100
0101111001001100, 0001000100010100
0101111101000100, 0001000100010100
0001000101000100, 1010101010101010
0001000101110111, 0001000101000100
0001000101111101, 0001000101000100
0001000111010111, 0001000101000100
0001000111011101, 0001000101000100
0111011101000100, 0001000101000100
0111110101000100, 0001000101000100
1010101010101011, 1010101010101010
1010101010101100, 1010101010101010
1010101010101110, 1010101010101010
1010101010111010, 1010101010101010
1010101011001010, 1010101010101010
1010101011101010, 1010101010101010
1010101110100001, 1010101010101010
1010101110100100, 1010101010101010
1010101110101010, 1010101010101010
1010110010100001, 1010101010101010
1010110010100011, 1010101010101010
1010110010100110, 1010101010101010
1010110010101010, 1010101010101010
1010111010100001, 1010101010101010
1010111010100100, 1010101010101010
1010111010101010, 1010101010101010
1011101000011010, 1010101010101010
1011101001001010, 1010101010101010
1011101010101010, 1010101010101010
1100101000011010, 1010101010101010
1100101000111010, 1010101010101010
1100101001101010, 1010101010101010
1100101010101010, 1010101010101010
1101011101000100, 0001000101000100
1101110101000100, 0001000101000100
1110101000011010, 1010101010101010
1110101001001010, 1010101010101010
1110101010101010, 1010101010101010
0001010000010001, 1010101010101011
0001111001010101, 0001010000010001
0100010001011111, 0001010000010001
0100010101011110, 0001010000010001
0100011001011110, 0001010000010001
0100110001011110, 0001010000010001
0101010001001111, 0001010000010001
0101010101001110, 0001010000010001
0101011001001110, 0001010000010001
0101110001001110, 0001010000010001
0101111000010101, 0001010000010001
0001010001000001, 1010101010101010
0001011101110001, 0001010001000001
0001011111010001, 0001010001000001
0001110101110001, 0001010001000001
0001110111010001, 0001010001000001
0111010001000111, 0001010001000001
0111010001001101, 0001010001000001
1010101010101011, 1010101010101010
1010101010101100, 1010101010101010
1010101010101110, 1010101010101010
1010101010111010, 1010101010101010
1010101011001010, 1010101010101010
1010101011101010, 1010101010101010
1010101110100001, 1010101010101010
1010101110100100, 1010101010101010
1010101110101010, 1010101010101010
1010110010100001, 1010101010101010
1010110010100011, 1010101010101010
1010110010100110, 1010101010101010
1010110010101010, 1010101010101010
1010111010100001, 1010101010101010
1010111010100100, 1010101010101010
1010111010101010, 1010101010101010
1011101000011010, 1010101010101010
1011101001001010, 1010101010101010
1011101010101010, 1010101010101010
1100101000011010, 1010101010101010
1100101000111010, 1010101010101010
1100101001101010, 1010101010101010
1100101010101010, 1010101010101010
1101010001000111, 0001010001000001
1101010001001101, 0001010001000001
1110101000011010, 1010101010101010
1110101001001010, 1010101010101010
1110101010101010, 1010101010101010
0001010001000100, 1010101011101010
0001010111110001, 0001010001000100
0011000110110101, 0001010001000100
0011010110110001, 0001010001000100
0101000110110101, 0001010001000100
0101010110110001, 0001010001000100
1001000110110101, 0001010001000100
1001010110110001, 0001010001000100
1011010001010101, 0001010001000100
1011010101010100, 0001010001000100
0001101000011010, 1010101010101010
1010101010101011, 1010101010101010
1010101010101100, 1010101010101010
1010101010101110, 1010101010101010
1010101010111010, 1010101010101010
1010101011001010, 1010101010101010
1010101011101010, 1010101010101010
1010101110100001, 1010101010101010
1010101110100100, 1010101010101010
1010101110101010, 1010101010101010
1010110010100001, 1010101010101010
1010110010100011, 1010101010101010
1010110010100110, 1010101010101010
1010110010101010, 1010101010101010
1010111010100001, 1010101010101010
1010111010100100, 1010101010101010
1010111010101010, 1010101010101010
1011101000011010, 1010101010101010
1011101001001010, 1010101010101010
1011101010101010, 1010101010101010
1100101000011010, 1010101010101010
1100101000111010, 1010101010101010
1100101001101010, 1010101010101010
1100101010101010, 1010101010101010
1110101000011010, 1010101010101010
1110101001001010, 1010101010101010
1110101010101010, 1010101010101010
0001101001101010, 1010101010101010
1010101010101011, 1010101010101010
1010101010101100, 1010101010101010
1010101010101110, 1010101010101010
1010101010111010, 1010101010101010
1010101011001010, 1010101010101010
1010101011101010, 1010101010101010
1010101110100001, 1010101010101010
1010101110100100, 1010101010101010
1010101110101010, 1010101010101010
1010110010100001, 1010101010101010
1010110010100011, 1010101010101010
1010110010100110, 1010101010101010
1010110010101010, 1010101010101010
1010111010100001, 1010101010101010
1010111010100100, 1010101010101010
1010111010101010, 1010101010101010
1011101000011010, 1010101010101010
1011101001001010, 1010101010101010
1011101010101010, 1010101010101010
1100101000011010, 1010101010101010
1100101000111010, 1010101010101010
1100101001101010, 1010101010101010
1100101010101010, 1010101010101010
1110101000011010, 1010101010101010
1110101001001010, 1010101010101010
1110101010101010, 1010101010101010
0100000100010100, 1010101010101010
0100011101110100, 0100000100010100
0100011111010100, 0100000100010100
0100110101110100, 0100000100010100
0100110111010100, 0100000100010100
0111000100010111, 0100000100010100
0111000100011101, 0100000100010100
1010101010101011, 1010101010101010
1010101010101100, 1010101010101010
1010101010101110, 1010101010101010
1010101010111010, 1010101010101010
1010101011001010, 1010101010101010
1010101011101010, 1010101010101010
1010101110100001, 1010101010101010
1010101110100100, 1010101010101010
1010101110101010, 1010101010101010
1010110010100001, 1010101010101010
1010110010100011, 1010101010101010
1010110010100110, 1010101010101010
1010110010101010, 1010101010101010
1010111010100001, 1010101010101010
1010111010100100, 1010101010101010
1010111010101010, 1010101010101010
1011101000011010, 1010101010101010
1011101001001010, 1010101010101010
1011101010101010, 1010101010101010
1100101000011010, 1010101010101010
1100101000111010, 1010101010101010
1100101001101010, 1010101010101010
1100101010101010, 1010101010101010
1101000100010111, 0100000100010100
1101000100011101, 0100000100010100
1110101000011010, 1010101010101010
1110101001001010, 1010101010101010
1110101010101010, 1010101010101010
0100000101000100, 1010101010101110
0100101101010101, 0100000101000100
0101000100011111, 0100000101000100
0101001100011011, 0100000101000100
0101010100011011, 0100000101000100
0101100100011011, 0100000101000100
0101101101000101, 0100000101000100
1010000110101011, 1010101010101010
1010101010101011, 1010101010101010
1010101010101100, 1010101010101010
1010101010101110, 1010101010101010
1010101010111010, 1010101010101010
1010101011001010, 1010101010101010
1010101011101010, 1010101010101010
1010101110100001, 1010101010101010
1010101110100100, 1010101010101010
1010101110101010, 1010101010101010
1010110010100001, 1010101010101010
1010110010100011, 1010101010101010
1010110010100110, 1010101010101010
1010110010101010, 1010101010101010
1010111010100001, 1010101010101010
1010111010100100, 1010101010101010
1010111010101010, 1010101010101010
1011101000011010, 1010101010101010
1011101001001010, 1010101010101010
1011101010101010, 1010101010101010
1100101000011010, 1010101010101010
1100101000111010, 1010101010101010
1100101001101010, 1010101010101010
1100101010101010, 1010101010101010
1110101000011010, 1010101010101010
1110101001001010, 1010101010101010
1110101010101010, 1010101010101010
1010010010101110, 1010101010101010
1010101010101011, 1010101010101010
1010101010101100, 1010101010101010
1010101010101110, 1010101010101010
1010101010111010, 1010101010101010
1010101011001010, 1010101010101010
1010101011101010, 1010101010101010
1010101110100001, 1010101010101010
1010101110100100, 1010101010101010
1010101110101010, 1010101010101010
1010110010100001, 1010101010101010
1010110010100011, 1010101010101010
1010110010100110, 1010101010101010
1010110010101010, 1010101010101010
1010111010100001, 1010101010101010
1010111010100100, 1010101010101010
1010111010101010, 1010101010101010
1011101000011010, 1010101010101010
1011101001001010, 1010101010101010
1011101010101010, 1010101010101010
1100101000011010, 1010101010101010
1100101000111010, 1010101010101010
1100101001101010, 1010101010101010
1100101010101010, 1010101010101010
1110101000011010, 1010101010101010
1110101001001010, 1010101010101010
1110101010101010, 1010101010101010
0001000101000001, 1011101010101010
0101000111100101, 0001000101000001
0101010111100001, 0001000101000001
1110010001010101, 0001000101000001
1110010001100101, 0001000101000001
1110010011000101, 0001000101000001
1110010101010100, 0001000101000001
1110010101100100, 0001000101000001
1110010111000100, 0001000101000001
1111010001000101, 0001000101000001
1111010101000100, 0001000101000001
0001010000010100, 1010101010101010
0001011001111100, 0001010000010100
0001011011011100, 0001010000010100
0001110001110110, 0001010000010100
0001110011010110, 0001010000010100
0011010010010111, 0001010000010100
0011010010011101, 0001010000010100
0011010110010110, 0001010000010100
0011010110011100, 0001010000010100
0011011001011100, 0001010000010100
0011011010010101, 0001010000010100
0011011010011100, 0001010000010100
0011011110010100, 0001010000010100
0011100000101100, 0011011010011100
0011110001010110, 0001010000010100
0011110010010101, 0001010000010100
0011110010010110, 0001010000010100
0011110110010100, 0001010000010100
0101011000111100, 0001010000010100
0101011010011100, 0001010000010100
0101110000110110, 0001010000010100
0101110010010110, 0001010000010100
0111011000011100, 0001010000010100
0111110000010110, 0001010000010100
1000001010010110, 0011110010010110
1000011010010010, 0011011010011100
1001010000110111, 0001010000010100
1001010000111101, 0001010000010100
1001010100110110, 0001010000010100
1001010100111100, 0001010000010100
1001011000110101, 0001010000010100
1001011000111100, 0001010000010100
1001011001011100, 0001010000010100
1001011010000010, 1001011000111100
1001011100110100, 0001010000010100
1001110000110101, 0001010000010100
1001110000110110, 0001010000010100
1001110001010110, 0001010000010100
1001110100110100, 0001010000010100
1010101010101011, 1010101010101010
1010101010101100, 1010101010101010
1010101010101110, 1010101010101010
1010101010111010, 1010101010101010
1010101011001010, 1010101010101010
1010101011101010, 1010101010101010
1010101110100001, 1010101010101010
1010101110100100, 1010101010101010
1010101110101010, 1010101010101010
1010110010100001, 1010101010101010
1010110010100011, 1010101010101010
1010110010100110, 1010101010101010
1010110010101010, 1010101010101010
1010111010100001, 1010101010101010
1010111010100100, 1010101010101010
1010111010101010, 1010101010101010
1011101000011010, 1010101010101010
1011101001001010, 1010101010101010
1011101010101010, 1010101010101010
1100101000011010, 1010101010101010
1100101000111010, 1010101010101010
1100101001101010, 1010101010101010
1100101010101010, 1010101010101010
1101011000011100, 0001010000010100
1101110000010110, 0001010000010100
1110101000011010, 1010101010101010
1110101001001010, 1010101010101010
1110101010101010, 1010101010101010
0010100000111100, 1001011000111100
1001011010000010, 1001011000111100
0010110000111000, 1001110000110110
0011110000101000, 0011110010010110
1000001010010110, 0011110010010110
1001001010000110, 1001110000110110
0001000101011111, 0100000101000100
0100101101010101, 0100000101000100
0101000100011111, 0100000101000100
0101001100011011, 0100000101000100
0101010100011011, 0100000101000100
0101100100011011, 0100000101000100
0101101101000101, 0100000101000100
0001001101011011, 0100000101000100
0100101101010101, 0100000101000100
0101000100011111, 0100000101000100
0101001100011011, 0100000101000100
0101010100011011, 0100000101000100
0101100100011011, 0100000101000100
0101101101000101, 0100000101000100
0001010101011011, 0100000101000100
0100101101010101, 0100000101000100
0101000100011111, 0100000101000100
0101001100011011, 0100000101000100
0101010100011011, 0100000101000100
0101100100011011, 0100000101000100
0101101101000101, 0100000101000100
0001100101011011, 0100000101000100
0100101101010101, 0100000101000100
0101000100011111, 0100000101000100
0101001100011011, 0100000101000100
0101010100011011, 0100000101000100
0101100100011011, 0100000101000100
0101101101000101, 0100000101000100
0001000111110101, 0001010001000100
0001010111110001, 0001010001000100
0011000110110101, 0001010001000100
0011010110110001, 0001010001000100
0101000110110101, 0001010001000100
0101010110110001, 0001010001000100
1001000110110101, 0001010001000100
1001010110110001, 0001010001000100
1011010001010101, 0001010001000100
1011010101010100, 0001010001000100
0001101101010011, 0100010001000001
0100010101011011, 0100010001000001
0101010101001011, 0100010001000001
0101101100010011, 0100010001000001
0101101100010101, 0100010001000001
0101101100011001, 0100010001000001
0101111100010001, 0100010001000001
0001101101010101, 0100010001000001
0100010101011011, 0100010001000001
0101010101001011, 0100010001000001
0101101100010011, 0100010001000001
0101101100010101, 0100010001000001
0101101100011001, 0100010001000001
0101111100010001, 0100010001000001
0001111101010001, 0100010001000001
0100010101011011, 0100010001000001
0101010101001011, 0100010001000001
0101101100010011, 0100010001000001
0101101100010101, 0100010001000001
0101101100011001, 0100010001000001
0101111100010001, 0100010001000001
0010100001101001, 1100001101101001
1100001110000010, 1100001101101001
0010100101101000, 1100100101100011
0100000011101010, 0100101010101010
0100101011100000, 0100101010101010
1010000011100100, 0100101011100000
1010010011100000, 0100000011101010
0100001010111000, 0100101010101010
0100101011100000, 0100101010101010
1010000011100100, 0100101011100000
0100100010110010, 0100101010101010
0100101011100000, 0100101010101010
1010000011100100, 0100101011100000
0001101101011001, 0100010001000001
0100010101011011, 0100010001000001
0101010101001011, 0100010001000001
0101101100010011, 0100010001000001
0101101100010101, 0100010001000001
0101101100011001, 0100010001000001
0101111100010001, 0100010001000001
