0000001000110101, 0010001111011001
0010001111011001, 1110000001000000
1110000111110001, 1110000001000000
0010100111010011, 1110000001000000
1110000111110001, 1110000001000000
0011001011011001, 1110000001000000
1110000111110001, 1110000001000000
0011001111011000, 1110000001000000
1110000111110001, 1110000001000000
0011100011010011, 1110000001000000
1110000111110001, 1110000001000000
0011100111010010, 1110000001000000
1110000111110001, 1110000001000000
0100010100000101, 0100101000001010
0100010110100101, 0100010100000101
0100010110110101, 0100010100000101
0101010000000100, 0100101000001010
0101010010100100, 0100010110100101
0101010010100101, 0100010110110101
0101010110100100, 0100010110110101
0101010110110101, 0101010000000100
0101011000111001, 0101010000000100
0101011010011001, 0101010000000100
0101100100110110, 0101010000000100
0101100110010110, 0101010000000100
0101110000110011, 0101010000000100
0101110010010011, 0101010000000100
0111000101000100, 0101010110100100
0111000110000101, 0101010110110101
0111010000010100, 0100010110100101
0111010001000001, 0101010010100101
0111010110000001, 0101010110110101
1000010110110101, 0101010000000100
1001010110100101, 0101010000000100
1001010110110101, 0101010000000100
1011000101000101, 0100010100000101
1011010101000001, 0100010100000101
1101000100100101, 0101010110110101
1101000101000100, 0101010110100100
1101010000010100, 0100010110100101
1101010001000001, 0101010010100101
1101010100100001, 0101010110110101
1110000001000000, 0100101000001010
1110000010100000, 0100101000001010
1110000110100001, 1110000010100000
1110000110110001, 1110000010100000
1110000111000001, 1110000110110001
1110000111110001, 1110000001000000
1110010001010000, 1110000110100001
1111000000010101, 0101010010100100
1111000100000001, 0100010100000101
1111000100000101, 0100010110100101
1111000100010100, 0101010010100100
1111000101000000, 1111000100000001
1111010000010001, 0101010010100100
1111010001000000, 1111000100000001
1111010100000001, 0100010110100101
1111010100010000, 0101010010100100
0100101000001010, 1010010000000100
0101010000000100, 0100101000001010
0101010110110101, 0101010000000100
0101011000111001, 0101010000000100
0101011010011001, 0101010000000100
0101100100110110, 0101010000000100
0101100110010110, 0101010000000100
0101110000110011, 0101010000000100
0101110010010011, 0101010000000100
0111000110000101, 0101010110110101
0111010110000001, 0101010110110101
1000010110110101, 0101010000000100
1001010110100101, 0101010000000100
1001010110110101, 0101010000000100
1101000100100101, 0101010110110101
1101010100100001, 0101010110110101
1110000001000000, 0100101000001010
1110000010100000, 0100101000001010
1110000110100001, 1110000010100000
1110000110110001, 1110000010100000
1110000111000001, 1110000110110001
1110000111110001, 1110000001000000
1110010001010000, 1110000110100001
0101001100111100, 0101010000000100
0101010110110101, 0101010000000100
0101011000111001, 0101010000000100
0101011010011001, 0101010000000100
0101100100110110, 0101010000000100
0101100110010110, 0101010000000100
0101110000110011, 0101010000000100
0101110010010011, 0101010000000100
0111000110000101, 0101010110110101
0111010110000001, 0101010110110101
1000010110110101, 0101010000000100
1001010110100101, 0101010000000100
1001010110110101, 0101010000000100
1101000100100101, 0101010110110101
1101010100100001, 0101010110110101
0101001110011100, 0101010000000100
0101010110110101, 0101010000000100
0101011000111001, 0101010000000100
0101011010011001, 0101010000000100
0101100100110110, 0101010000000100
0101100110010110, 0101010000000100
0101110000110011, 0101010000000100
0101110010010011, 0101010000000100
0111000110000101, 0101010110110101
0111010110000001, 0101010110110101
1000010110110101, 0101010000000100
1001010110100101, 0101010000000100
1001010110110101, 0101010000000100
1101000100100101, 0101010110110101
1101010100100001, 0101010110110101
0110000111100100, 1110000111110001
0110001011011001, 1110000001000000
1110000111110001, 1110000001000000
0110001111011000, 1110000001000000
1110000111110001, 1110000001000000
0110010011100001, 1110000111110001
0110010011100100, 1110000110100001
1110010001010000, 1110000110100001
0110100011010011, 1110000001000000
1110000111110001, 1110000001000000
0110100111010010, 1110000001000000
1110000111110001, 1110000001000000
0111000011000100, 1110000111000001
0111010011000000, 1110000111000001
1000000111000001, 1001010110110101
1110000101000110, 1000000111000001
1110001101000011, 1000000111000001
1110011001000001, 1000000111000001
1000001101111001, 1110000001000000
1110000111110001, 1110000001000000
1000100101110011, 1110000001000000
1110000111110001, 1110000001000000
1001001001111001, 1110000001000000
1110000111110001, 1110000001000000
1001001101111000, 1110000001000000
1110000111110001, 1110000001000000
1001010011100100, 1110000010100000
1110000110100001, 1110000010100000
1110000110110001, 1110000010100000
1110000111000001, 1110000110110001
1110010001010000, 1110000110100001
1001100001110011, 1110000001000000
1110000111110001, 1110000001000000
1001100101110010, 1110000001000000
1110000111110001, 1110000001000000
1010000101110011, 1110000001000000
1110000111110001, 1110000001000000
1010000101111001, 1110000001000000
1110000111110001, 1110000001000000
1010000110110101, 1110000001000000
1110000111110001, 1110000001000000
1010000111010011, 1110000001000000
1110000111110001, 1110000001000000
1010000111011001, 1110000001000000
1110000111110001, 1110000001000000
1010000111100101, 1110000001000000
1110000111110001, 1110000001000000
1010000111110011, 1110000001000000
1110000111110001, 1110000001000000
1010000111110101, 1110000001000000
1110000111110001, 1110000001000000
1010001101110001, 1110000001000000
1110000111110001, 1110000001000000
1010001111010001, 1110000001000000
1110000111110001, 1110000001000000
1010001111110001, 1110000001000000
1110000111110001, 1110000001000000
1010010000000100, 1010010000000100
1010010110110001, 1110000001000000
1110000111110001, 1110000001000000
1010010111100001, 1110000001000000
1110000111110001, 1110000001000000
1010010111110001, 1110000001000000
1110000111110001, 1110000001000000
1010100101110001, 1110000001000000
1110000111110001, 1110000001000000
1010100111010001, 1110000001000000
1110000111110001, 1110000001000000
1010100111110001, 1110000001000000
1110000111110001, 1110000001000000
1011000000000101, 1111000100000101
1011010100000000, 1111010100000001
1100000111100100, 1110000111110001
1100001001111001, 1110000001000000
1110000111110001, 1110000001000000
1100001101111000, 1110000001000000
1110000111110001, 1110000001000000
1100010011100001, 1110000111110001
1100010011100100, 1110000110100001
1110010001010000, 1110000110100001
1100100001110011, 1110000001000000
1110000111110001, 1110000001000000
1100100101110010, 1110000001000000
1110000111110001, 1110000001000000
1110000001010100, 1110000110100001
1110010001010000, 1110000110100001
1110000101000001, 1110000110100001
1110010001010000, 1110000110100001
1110000101010100, 1111000100000001
1111000101000000, 1111000100000001
1111010001000000, 1111000100000001
1110010001010001, 1111000100000001
1111000101000000, 1111000100000001
1111010001000000, 1111000100000001
1110010101010000, 1111000100000001
1111000101000000, 1111000100000001
1111010001000000, 1111000100000001
1111000001000000, 1111000100000001
1111000001101000, 1111000001000000
1111000010100100, 1111000001000000
1111000011000010, 1111000001000000
1111000011100000, 1111000001000000
1111000011100100, 1111000011100000
1111000101000000, 1111000100000001
1111001011000000, 1111000001000000
1111010001000000, 1111000100000001
1111010001110000, 1111000011100000
1111010010100000, 1111000001000000
1111010011010000, 1111000011100000
1111010011100000, 1111000011100000
1111100001100000, 1111000001000000
1111000001000100, 1111000100000001
1111000101000000, 1111000100000001
1111010001000000, 1111000100000001
1111000001110100, 1111000011100000
1111000011100100, 1111000011100000
1111010001110000, 1111000011100000
1111010011010000, 1111000011100000
1111010011100000, 1111000011100000
1111000011010100, 1111000011100000
1111000011100100, 1111000011100000
1111010001110000, 1111000011100000
1111010011010000, 1111000011100000
1111010011100000, 1111000011100000
0000010010101111, 0001010000001010
0100101000001011, 0000010010101111
0001010000001010, 1111000001000001
1111000001000001, 1111000100000001
1111000101000000, 1111000100000001
1111010001000000, 1111000100000001
0000010100110010, 0010100111010011
0000010101010110, 1100000001011110
1011000011000100, 1111001011000000
1011001001010100, 1011000011000100
1011011001010000, 1011000011000100
1100000001011110, 1011011001010000
1100101001010100, 1011001001010100
0000010101011100, 0110000001011110
0110000001011110, 1011110001010000
1011000001100100, 1111100001100000
1011100001010100, 1011000001100100
1011110001010000, 1011000001100100
0000010110011000, 1000001101111001
0000011001010101, 1100111001010000
1011000001010110, 1011010011000000
1100111001010000, 1011000001010110
1011010001010010, 1011010011000000
1100010001011010, 1011010001010010
1011010011000000, 1111000011000010
0000100010010101, 1000100101110011
0000111110100100, 0001101000000100
0100101100001010, 0000111110100100
0001101000000100, 1111000101000000
1110000001010101, 1111000100000001
1111000101000000, 1111000100000001
1111010001000000, 1111000100000001
0001000001110111, 1001100101010100
0011010001010101, 0101010101000101
0111010001010101, 0101010101000101
0111010101000101, 0101010101000101
0111010101010100, 0101010101000101
1001010001010101, 0101010101000101
1001010001011001, 0111010101010100
1001010001100101, 0101010101000101
1001010101000101, 0101010101000101
1001010101010100, 0101010101000101
1001010101100100, 0101010101000101
1001100101010100, 0111010001010101
1101010001010101, 0101010101000101
1101010101000101, 0101010101000101
1101010101010100, 0101010101000101
0011010001011001, 0111010101010100
1001010001011001, 0111010101010100
0011010011000101, 0101010101000101
0111010001010101, 0101010101000101
0111010101000101, 0101010101000101
0111010101010100, 0101010101000101
1001010001010101, 0101010101000101
1001010001011001, 0111010101010100
1001010001100101, 0101010101000101
1001010101000101, 0101010101000101
1001010101010100, 0101010101000101
1001010101100100, 0101010101000101
1001100101010100, 0111010001010101
1101010001010101, 0101010101000101
1101010101000101, 0101010101000101
1101010101010100, 0101010101000101
0011010101000101, 0101010101000101
0111010001010101, 0101010101000101
0111010101000101, 0101010101000101
0111010101010100, 0101010101000101
1001010001010101, 0101010101000101
1001010001011001, 0111010101010100
1001010001100101, 0101010101000101
1001010101000101, 0101010101000101
1001010101010100, 0101010101000101
1001010101100100, 0101010101000101
1001100101010100, 0111010001010101
1101010001010101, 0101010101000101
1101010101000101, 0101010101000101
1101010101010100, 0101010101000101
0011010101010100, 0101010101000101
0111010001010101, 0101010101000101
0111010101000101, 0101010101000101
0111010101010100, 0101010101000101
1001010001010101, 0101010101000101
1001010001011001, 0111010101010100
1001010001100101, 0101010101000101
1001010101000101, 0101010101000101
1001010101010100, 0101010101000101
1001010101100100, 0101010101000101
1001100101010100, 0111010001010101
1101010001010101, 0101010101000101
1101010101000101, 0101010101000101
1101010101010100, 0101010101000101
0011010111000100, 0101010101000101
0111010001010101, 0101010101000101
0111010101000101, 0101010101000101
0111010101010100, 0101010101000101
1001010001010101, 0101010101000101
1001010001011001, 0111010101010100
1001010001100101, 0101010101000101
1001010101000101, 0101010101000101
1001010101010100, 0101010101000101
1001010101100100, 0101010101000101
1001100101010100, 0111010001010101
1101010001010101, 0101010101000101
1101010101000101, 0101010101000101
1101010101010100, 0101010101000101
0011100101010100, 0111010001010101
1001100101010100, 0111010001010101
0100001101010110, 1101010101010100
0100010011100100, 1110000010100000
0101010001000100, 0100010011100100
0101010001100100, 0100010011100100
0101010011000100, 0100010011100100
0101010101000101, 0101010001000100
0101010101000110, 0101010001000100
0101010101001100, 0101010001000100
0101011001000101, 0101010001000100
0101110001000101, 0101010001000100
0110010101000101, 0101010001000100
0111010000110100, 0100010011100100
0111010001000100, 0100010011100100
0111010001010101, 0101010101000101
0111010010010100, 0100010011100100
0111010101000101, 0101010101000101
0111010101010100, 0101010101000101
1000001001000010, 0101010001100100
1001010001000101, 0101011001000101
1001010001010101, 0101010101000101
1001010001011001, 0111010101010100
1001010001100101, 0101010101000101
1001010101000100, 0101010101000110
1001010101000101, 0101010101000101
1001010101010100, 0101010101000101
1001010101100100, 0101010101000101
1001011001010100, 1001010001000101
1001100101010100, 0111010001010101
1010001100100011, 1000001001000010
1100010101000101, 0101010001000100
1101001000010110, 1001011001010100
1101010000110100, 0100010011100100
1101010001000100, 0100010011100100
1101010001010101, 0101010101000101
1101010010010100, 0100010011100100
1101010101000101, 0101010101000101
1101010101010100, 0101010101000101
1110000110100001, 1110000010100000
1110000110110001, 1110000010100000
1110000111000001, 1110000110110001
1110010001010000, 1110000110100001
0100011001010011, 1101010001010101
0100100101011001, 0110010101000101
0100101000101010, 1010001100100011
0100110001011001, 0111010001010101
1001100101010100, 0111010001010101
1000010001110100, 1100010101000101
1001001101010100, 1101010001010101
1001010001010011, 1101010101010100
1110000101100001, 1110000110110001
1110000111000001, 1110000110110001
0001000001111101, 0011100101010100
0001000010100101, 1010000111110101
0101111010100100, 0001000010100101
0111011010000100, 0001000010100101
1101110000100100, 0001000010100101
0001000011010111, 1001001101010100
0001000011011101, 0011001101010100
0011001101010100, 1101010001010101
0001001101110100, 1001010001010101
0001001111010100, 1001010001010101
0001001101111100, 0101010000000100
0101010110110101, 0101010000000100
0101011000111001, 0101010000000100
0101011010011001, 0101010000000100
0101100100110110, 0101010000000100
0101100110010110, 0101010000000100
0101110000110011, 0101010000000100
0101110010010011, 0101010000000100
0111000110000101, 0101010110110101
0111010110000001, 0101010110110101
1000010110110101, 0101010000000100
1001010110100101, 0101010000000100
1001010110110101, 0101010000000100
1101000100100101, 0101010110110101
1101010100100001, 0101010110110101
0001001110111100, 0101010000000100
0010000000111001, 0001001110111100
0101010110110101, 0101010000000100
0101011000111001, 0101010000000100
0101011010011001, 0101010000000100
0101100100110110, 0101010000000100
0101100110010110, 0101010000000100
0101110000110011, 0101010000000100
0101110010010011, 0101010000000100
0111000110000101, 0101010110110101
0111010110000001, 0101010110110101
1000010110110101, 0101010000000100
1001010110100101, 0101010000000100
1001010110110101, 0101010000000100
1101000100100101, 0101010110110101
1101010100100001, 0101010110110101
0001001111011100, 0101010000000100
0101010110110101, 0101010000000100
0101011000111001, 0101010000000100
0101011010011001, 0101010000000100
0101100100110110, 0101010000000100
0101100110010110, 0101010000000100
0101110000110011, 0101010000000100
0101110010010011, 0101010000000100
0111000110000101, 0101010110110101
0111010110000001, 0101010110110101
1000010110110101, 0101010000000100
1001010110100101, 0101010000000100
1001010110110101, 0101010000000100
1101000100100101, 0101010110110101
1101010100100001, 0101010110110101
0001010010110111, 0101010000000100
0101010110110101, 0101010000000100
0101011000111001, 0101010000000100
0101011010011001, 0101010000000100
0101100100110110, 0101010000000100
0101100110010110, 0101010000000100
0101110000110011, 0101010000000100
0101110010010011, 0101010000000100
0111000110000101, 0101010110110101
0111010110000001, 0101010110110101
1000010110110101, 0101010000000100
1001010110100101, 0101010000000100
1001010110110101, 0101010000000100
1101000100100101, 0101010110110101
1101010100100001, 0101010110110101
0001010010111101, 0101010000000100
0101010110110101, 0101010000000100
0101011000111001, 0101010000000100
0101011010011001, 0101010000000100
0101100100110110, 0101010000000100
0101100110010110, 0101010000000100
0101110000110011, 0101010000000100
0101110010010011, 0101010000000100
0111000110000101, 0101010110110101
0111010110000001, 0101010110110101
1000010110110101, 0101010000000100
1001010110100101, 0101010000000100
1001010110110101, 0101010000000100
1101000100100101, 0101010110110101
1101010100100001, 0101010110110101
0001010110110110, 0101010000000100
0101010110110101, 0101010000000100
0101011000111001, 0101010000000100
0101011010011001, 0101010000000100
0101100100110110, 0101010000000100
0101100110010110, 0101010000000100
0101110000110011, 0101010000000100
0101110010010011, 0101010000000100
0111000110000101, 0101010110110101
0111010110000001, 0101010110110101
1000010110110101, 0101010000000100
1001010110100101, 0101010000000100
1001010110110101, 0101010000000100
1101000100100101, 0101010110110101
1101010100100001, 0101010110110101
0001010110111100, 0101010000000100
0101010110110101, 0101010000000100
0101011000111001, 0101010000000100
0101011010011001, 0101010000000100
0101100100110110, 0101010000000100
0101100110010110, 0101010000000100
0101110000110011, 0101010000000100
0101110010010011, 0101010000000100
0111000110000101, 0101010110110101
0111010110000001, 0101010110110101
1000010110110101, 0101010000000100
1001010110100101, 0101010000000100
1001010110110101, 0101010000000100
1101000100100101, 0101010110110101
1101010100100001, 0101010110110101
0001011001111001, 0101010000000100
0101010110110101, 0101010000000100
0101011000111001, 0101010000000100
0101011010011001, 0101010000000100
0101100100110110, 0101010000000100
0101100110010110, 0101010000000100
0101110000110011, 0101010000000100
0101110010010011, 0101010000000100
0111000110000101, 0101010110110101
0111010110000001, 0101010110110101
1000010110110101, 0101010000000100
1001010110100101, 0101010000000100
1001010110110101, 0101010000000100
1101000100100101, 0101010110110101
1101010100100001, 0101010110110101
0001011010110101, 0101010000000100
0101010110110101, 0101010000000100
0101011000111001, 0101010000000100
0101011010011001, 0101010000000100
0101100100110110, 0101010000000100
0101100110010110, 0101010000000100
0101110000110011, 0101010000000100
0101110010010011, 0101010000000100
0111000110000101, 0101010110110101
0111010110000001, 0101010110110101
1000010110110101, 0101010000000100
1001010110100101, 0101010000000100
1001010110110101, 0101010000000100
1101000100100101, 0101010110110101
1101010100100001, 0101010110110101
0001011010111001, 0101010000000100
0101010110110101, 0101010000000100
0101011000111001, 0101010000000100
0101011010011001, 0101010000000100
0101100100110110, 0101010000000100
0101100110010110, 0101010000000100
0101110000110011, 0101010000000100
0101110010010011, 0101010000000100
0111000110000101, 0101010110110101
0111010110000001, 0101010110110101
1000001110010000, 0001011010111001
1000010110110101, 0101010000000100
1001010110100101, 0101010000000100
1001010110110101, 0101010000000100
1101000100100101, 0101010110110101
1101010100100001, 0101010110110101
0001011011011001, 0101010000000100
0101010110110101, 0101010000000100
0101011000111001, 0101010000000100
0101011010011001, 0101010000000100
0101100100110110, 0101010000000100
0101100110010110, 0101010000000100
0101110000110011, 0101010000000100
0101110010010011, 0101010000000100
0111000110000101, 0101010110110101
0111010110000001, 0101010110110101
1000010110110101, 0101010000000100
1001010110100101, 0101010000000100
1001010110110101, 0101010000000100
1101000100100101, 0101010110110101
1101010100100001, 0101010110110101
0001011110110100, 0101010000000100
0101010110110101, 0101010000000100
0101011000111001, 0101010000000100
0101011010011001, 0101010000000100
0101100100110110, 0101010000000100
0101100110010110, 0101010000000100
0101110000110011, 0101010000000100
0101110010010011, 0101010000000100
0111000110000101, 0101010110110101
0111010110000001, 0101010110110101
1000010110110101, 0101010000000100
1001010110100101, 0101010000000100
1001010110110101, 0101010000000100
1101000100100101, 0101010110110101
1101010100100001, 0101010110110101
0001100101110110, 0101010000000100
0101010110110101, 0101010000000100
0101011000111001, 0101010000000100
0101011010011001, 0101010000000100
0101100100110110, 0101010000000100
0101100110010110, 0101010000000100
0101110000110011, 0101010000000100
0101110010010011, 0101010000000100
0111000110000101, 0101010110110101
0111010110000001, 0101010110110101
1000010110110101, 0101010000000100
1001010110100101, 0101010000000100
1001010110110101, 0101010000000100
1101000100100101, 0101010110110101
1101010100100001, 0101010110110101
0001100110110110, 0101010000000100
0101010110110101, 0101010000000100
0101011000111001, 0101010000000100
0101011010011001, 0101010000000100
0101100100110110, 0101010000000100
0101100110010110, 0101010000000100
0101110000110011, 0101010000000100
0101110010010011, 0101010000000100
0111000110000101, 0101010110110101
0111010110000001, 0101010110110101
1000000010010011, 0001100110110110
1000010110110101, 0101010000000100
1001010110100101, 0101010000000100
1001010110110101, 0101010000000100
1101000100100101, 0101010110110101
1101010100100001, 0101010110110101
0001100111010110, 0101010000000100
0101010110110101, 0101010000000100
0101011000111001, 0101010000000100
0101011010011001, 0101010000000100
0101100100110110, 0101010000000100
0101100110010110, 0101010000000100
0101110000110011, 0101010000000100
0101110010010011, 0101010000000100
0111000110000101, 0101010110110101
0111010110000001, 0101010110110101
1000010110110101, 0101010000000100
1001010110100101, 0101010000000100
1001010110110101, 0101010000000100
1101000100100101, 0101010110110101
1101010100100001, 0101010110110101
0001110001110011, 0101010000000100
0101010110110101, 0101010000000100
0101011000111001, 0101010000000100
0101011010011001, 0101010000000100
0101100100110110, 0101010000000100
0101100110010110, 0101010000000100
0101110000110011, 0101010000000100
0101110010010011, 0101010000000100
0111000110000101, 0101010110110101
0111010110000001, 0101010110110101
1000010110110101, 0101010000000100
1001010110100101, 0101010000000100
1001010110110101, 0101010000000100
1101000100100101, 0101010110110101
1101010100100001, 0101010110110101
0001110010110011, 0101010000000100
0010100100110000, 0001110010110011
0101010110110101, 0101010000000100
0101011000111001, 0101010000000100
0101011010011001, 0101010000000100
0101100100110110, 0101010000000100
0101100110010110, 0101010000000100
0101110000110011, 0101010000000100
0101110010010011, 0101010000000100
0111000110000101, 0101010110110101
0111010110000001, 0101010110110101
1000010110110101, 0101010000000100
1001010110100101, 0101010000000100
1001010110110101, 0101010000000100
1101000100100101, 0101010110110101
1101010100100001, 0101010110110101
0001110010110101, 0101010000000100
0101010110110101, 0101010000000100
0101011000111001, 0101010000000100
0101011010011001, 0101010000000100
0101100100110110, 0101010000000100
0101100110010110, 0101010000000100
0101110000110011, 0101010000000100
0101110010010011, 0101010000000100
0111000110000101, 0101010110110101
0111010110000001, 0101010110110101
1000010110110101, 0101010000000100
1001010110100101, 0101010000000100
1001010110110101, 0101010000000100
1101000100100101, 0101010110110101
1101010100100001, 0101010110110101
0001110011010011, 0101010000000100
0101010110110101, 0101010000000100
0101011000111001, 0101010000000100
0101011010011001, 0101010000000100
0101100100110110, 0101010000000100
0101100110010110, 0101010000000100
0101110000110011, 0101010000000100
0101110010010011, 0101010000000100
0111000110000101, 0101010110110101
0111010110000001, 0101010110110101
1000010110110101, 0101010000000100
1001010110100101, 0101010000000100
1001010110110101, 0101010000000100
1101000100100101, 0101010110110101
1101010100100001, 0101010110110101
0001110110110100, 0101010000000100
0101010110110101, 0101010000000100
0101011000111001, 0101010000000100
0101011010011001, 0101010000000100
0101100100110110, 0101010000000100
0101100110010110, 0101010000000100
0101110000110011, 0101010000000100
0101110010010011, 0101010000000100
0111000110000101, 0101010110110101
0111010110000001, 0101010110110101
1000010110110101, 0101010000000100
1001010110100101, 0101010000000100
1001010110110101, 0101010000000100
1101000100100101, 0101010110110101
1101010100100001, 0101010110110101
0010010110110101, 0101010000000100
0101010110110101, 0101010000000100
0101011000111001, 0101010000000100
0101011010011001, 0101010000000100
0101100100110110, 0101010000000100
0101100110010110, 0101010000000100
0101110000110011, 0101010000000100
0101110010010011, 0101010000000100
0111000110000101, 0101010110110101
0111010110000001, 0101010110110101
1000010110110101, 0101010000000100
1001010110100101, 0101010000000100
1001010110110101, 0101010000000100
1101000100100101, 0101010110110101
1101010100100001, 0101010110110101
0011010110100101, 0101010000000100
0101010110110101, 0101010000000100
0101011000111001, 0101010000000100
0101011010011001, 0101010000000100
0101100100110110, 0101010000000100
0101100110010110, 0101010000000100
0101110000110011, 0101010000000100
0101110010010011, 0101010000000100
0111000110000101, 0101010110110101
0111010110000001, 0101010110110101
1000010110110101, 0101010000000100
1001010110100101, 0101010000000100
1001010110110101, 0101010000000100
1101000100100101, 0101010110110101
1101010100100001, 0101010110110101
0011010110110101, 0101010000000100
0101010110110101, 0101010000000100
0101011000111001, 0101010000000100
0101011010011001, 0101010000000100
0101100100110110, 0101010000000100
0101100110010110, 0101010000000100
0101110000110011, 0101010000000100
0101110010010011, 0101010000000100
0111000110000101, 0101010110110101
0111010110000001, 0101010110110101
1000010110110101, 0101010000000100
1001010110100101, 0101010000000100
1001010110110101, 0101010000000100
1101000100100101, 0101010110110101
1101010100100001, 0101010110110101
0001010001110011, 1001010101010100
0001010011010011, 1001010101010100
0001010001111001, 0011010101010100
0001010011011001, 0011010101010100
0001010110100000, 1010010111110001
0101010010101110, 0001010110100000
0111010010000110, 0001010110100000
1101010000101100, 0001010110100000
0001010110110111, 0101010000000100
0101010110110101, 0101010000000100
0101011000111001, 0101010000000100
0101011010011001, 0101010000000100
0101100100110110, 0101010000000100
0101100110010110, 0101010000000100
0101110000110011, 0101010000000100
0101110010010011, 0101010000000100
0111000110000101, 0101010110110101
0111010110000001, 0101010110110101
1000010110110101, 0101010000000100
1001010110100101, 0101010000000100
1001010110110101, 0101010000000100
1101000100100101, 0101010110110101
1101010100100001, 0101010110110101
0001010110111101, 0101010000000100
0101010110110101, 0101010000000100
0101011000111001, 0101010000000100
0101011010011001, 0101010000000100
0101100100110110, 0101010000000100
0101100110010110, 0101010000000100
0101110000110011, 0101010000000100
0101110010010011, 0101010000000100
0111000110000101, 0101010110110101
0111010110000001, 0101010110110101
1000010110110101, 0101010000000100
1001010110100101, 0101010000000100
1001010110110101, 0101010000000100
1101000100100101, 0101010110110101
1101010100100001, 0101010110110101
0001011110110101, 0101010000000100
0101010110110101, 0101010000000100
0101011000111001, 0101010000000100
0101011010011001, 0101010000000100
0101100100110110, 0101010000000100
0101100110010110, 0101010000000100
0101110000110011, 0101010000000100
0101110010010011, 0101010000000100
0111000110000101, 0101010110110101
0111010110000001, 0101010110110101
1000010110110101, 0101010000000100
1001010110100101, 0101010000000100
1001010110110101, 0101010000000100
1101000100100101, 0101010110110101
1101010100100001, 0101010110110101
0001110110110101, 0101010000000100
0101010110110101, 0101010000000100
0101011000111001, 0101010000000100
0101011010011001, 0101010000000100
0101100100110110, 0101010000000100
0101100110010110, 0101010000000100
0101110000110011, 0101010000000100
0101110010010011, 0101010000000100
0111000110000101, 0101010110110101
0111010110000001, 0101010110110101
1000010110110101, 0101010000000100
1001010110100101, 0101010000000100
1001010110110101, 0101010000000100
1101000100100101, 0101010110110101
1101010100100001, 0101010110110101
0001011101110000, 1001010001011001
0100100101011100, 0111010101010100
1001010001011001, 0111010101010100
0001011111010000, 1001010001010011
0001100101110100, 0011010001010101
0001100111010100, 0011010001010101
0001110101110000, 0011010001011001
0001110111010000, 0011010001010011
0011010001010011, 1101010101010100
0010000101100001, 0011010110110101
1110000101001100, 0010000101100001
1110100101001001, 0010000101100001
1110110001000001, 0010000101100001
0010010001100100, 0110010011100100
0010010011010100, 0110010101000101
0010100001001000, 0101010011000100
1010100110001001, 0010100001001000
0100101010001010, 1010100110001001
0011000001110011, 0011110011010000
0011110011010000, 1111000001110100
1101101000110000, 1111000001110100
0011000011011001, 1011010001110000
0011000111011000, 1011010001110000
1011010001110000, 1111000011100000
1111000011100100, 1111000011100000
1111010001110000, 1111000011100000
1111010011010000, 1111000011100000
1111010011100000, 1111000011100000
1011010011000001, 1111000011100000
1111000011100100, 1111000011100000
1111010001110000, 1111000011100000
1111010011010000, 1111000011100000
1111010011100000, 1111000011100000
1011010011100000, 1111000011100000
1111000011100100, 1111000011100000
1111010001110000, 1111000011100000
1111010011010000, 1111000011100000
1111010011100000, 1111000011100000
1101000000111010, 1111010001110000
0011001001110001, 0011100011010100
0011100011010100, 1111000001110100
0011010001000101, 0101110001000101
0011110001010100, 0011010001000101
0111100000011100, 0011110001010100
1001110001010100, 0011010001000101
0111001000010110, 1001110001010100
1011001010010000, 0111001000010110
0011010001011100, 0011010101000100
0111110000011000, 0011010001011100
1001010001011100, 0011010101000100
0011010101000100, 0101010101001100
1001010001011100, 0011010101000100
0111011000010010, 1001010001011100
1011000010010010, 0111011000010010
0011010011100100, 1110000010100000
1110000110100001, 1110000010100000
1110000110110001, 1110000010100000
1110000111000001, 1110000110110001
1110010001010000, 1110000110100001
0011011001010100, 1001010001000101
1001011001010100, 1001010001000101
1101001000010110, 1001011001010100
1101100000011100, 0011011001010100
1011100000110000, 1101100000011100
0100001101010011, 1100010101000101
0101000010111010, 1111010010100000
1011010000010001, 1111010010100000
0101101010110000, 1111000010100100
1011000100010100, 1111000010100100
0110010001110100, 1110000101000001
0110010011010100, 1110000101000001
1100010001110100, 1110000101000001
1100010011010100, 1110000101000001
0110101001010100, 1011100001010100
0111000010011010, 1111010011010000
1001000001110110, 1111010011010000
1001100111010000, 1001000001110110
1001010001110010, 1111010011010000
0111101010010000, 1111000011010100
1001001001110100, 1111000011010100
1001100011010001, 1001001001110100
1001011001110000, 1111000011010100
1000010011000100, 1100010011100100
1001000011011001, 1001011001110000
1001000111011000, 1001010001110010
1010000111111001, 1110000001000000
1110000111110001, 1110000001000000
1011010001100000, 1111000001101000
1101000001100100, 1110000101100001
1101010001100000, 1110000101100001
0000110001010101, 0110111001010000
0110111001010000, 1011000001011100
1011000001011100, 1011010001100000
1011010001011000, 1011010001100000
0110010001011010, 1011010001011000
0011000011011100, 1111010001110000
0011001101110000, 0011000011011100
0011010011011000, 1111010001110000
1011000001110100, 1111000011100000
1111000011100100, 1111000011100000
1111010001110000, 1111000011100000
1111010011010000, 1111000011100000
1111010011100000, 1111000011100000
1011000011010100, 1111000011100000
1111000011100100, 1111000011100000
1111010001110000, 1111000011100000
1111010011010000, 1111000011100000
1111010011100000, 1111000011100000
1011000011100100, 1111000011100000
1111000011100100, 1111000011100000
1111010001110000, 1111000011100000
1111010011010000, 1111000011100000
1111010011100000, 1111000011100000
1011000101100100, 1111000011100000
1111000011100100, 1111000011100000
1111010001110000, 1111000011100000
1111010011010000, 1111000011100000
1111010011100000, 1111000011100000
1011000111000100, 1111000011100000
1111000011100100, 1111000011100000
1111010001110000, 1111000011100000
1111010011010000, 1111000011100000
1111010011100000, 1111000011100000
1011010001100001, 1111000011100000
1111000011100100, 1111000011100000
1111010001110000, 1111000011100000
1111010011010000, 1111000011100000
1111010011100000, 1111000011100000
1011010011010000, 1111000011100000
1111000011100100, 1111000011100000
1111010001110000, 1111000011100000
1111010011010000, 1111000011100000
1111010011100000, 1111000011100000
0011000101110010, 0011010011011000
0011100011010001, 1011000001110100
0011100111010000, 1011000001110100
1001000001110011, 1011010011010000
1001000101110010, 1011010011010000
1001001001110001, 1011000011010100
1001001101110000, 1011000011010100
0011010001010110, 1001010101000100
1101110000011000, 0011010001010110
1001010001010110, 1001010101000100
1101011000010010, 1001010001010110
1011000000111000, 1101110000011000
