0000000100001110, 1111000011110100
0001011100011110, 0000000100001110
0001110100011110, 0000000100001110
0100111101000011, 0000000100001110
0100111101000110, 0000000100001110
0100111101001001, 0000000100001110
0100111101001100, 0000000100001110
0100111101010010, 0000000100001110
0100111101011000, 0000000100001110
0101111101000010, 0000000100001110
0101111101001000, 0000000100001110
0000001100001100, 1111000011110000
0000001100111111, 0000001100001100
0000111111001100, 0000001100001100
0001001100101111, 0000001100001100
0010001100011111, 0000001100001100
0011001100001111, 0000001100001100
0100111110001100, 0000001100001100
1000111101001100, 0000001100001100
1100111100001100, 0000001100001100
1111000011110001, 1111000011110000
1111000011110010, 1111000011110000
1111000011110100, 1111000011110000
1111000011111000, 1111000011110000
1111000111100000, 1111000011110000
1111000111110000, 1111000011110000
1111001011010000, 1111000011110000
1111001011110000, 1111000011110000
1111010010110000, 1111000011110000
1111010011110000, 1111000011110000
1111100001110000, 1111000011110000
1111100011110000, 1111000011110000
0000010000001011, 1111000011110001
0001111100010011, 0000010000001011
0001111100010110, 0000010000001011
0001111100011001, 0000010000001011
0001111100011100, 0000010000001011
0001111101010010, 0000010000001011
0001111101011000, 0000010000001011
0100011101001011, 0000010000001011
0100110101001011, 0000010000001011
0101111100010010, 0000010000001011
0101111100011000, 0000010000001011
0000010100001010, 1111000011110000
0001011101101010, 0000010100001010
0001011111001010, 0000010100001010
0001110101101010, 0000010100001010
0001110111001010, 0000010100001010
0010010110011011, 0000010100001010
0010010110011110, 0000010100001010
0010010111001011, 0000010100001010
0010010111001110, 0000010100001010
0011010110001011, 0000010100001010
0011010110001110, 0000010100001010
0011010111001010, 0000010100001010
0011011101001010, 0000010100001010
0011110101001010, 0000010100001010
0100011100111010, 0000010100001010
0100011110011010, 0000010100001010
0100110100111010, 0000010100001010
0100110110011010, 0000010100001010
0101000110101000, 0011010111001010
0110010110001011, 0000010100001010
0110010110001110, 0000010100001010
0110010110011010, 0000010100001010
0110011100011010, 0000010100001010
0110110100011010, 0000010100001010
1000010100111011, 0000010100001010
1000010100111110, 0000010100001010
1000010101101011, 0000010100001010
1000010101101110, 0000010100001010
1001010100101011, 0000010100001010
1001010100101110, 0000010100001010
1001010101101010, 0000010100001010
1001011101001010, 0000010100001010
1001110101001010, 0000010100001010
1010000101010010, 0110010110011010
1010010001010010, 0011010111001010
1010010001011000, 1001010101101010
1100010100101011, 0000010100001010
1100010100101110, 0000010100001010
1100010100111010, 0000010100001010
1100011100011010, 0000010100001010
1100110100011010, 0000010100001010
1111000011110001, 1111000011110000
1111000011110010, 1111000011110000
1111000011110100, 1111000011110000
1111000011111000, 1111000011110000
1111000111100000, 1111000011110000
1111000111110000, 1111000011110000
1111001011010000, 1111000011110000
1111001011110000, 1111000011110000
1111010010110000, 1111000011110000
1111010011110000, 1111000011110000
1111100001110000, 1111000011110000
1111100011110000, 1111000011110000
0000011000001001, 1111000011110000
0000011001101111, 0000011000001001
0000111110011001, 0000011000001001
0001111110001001, 0000011000001001
0010011001001111, 0000011000001001
0100011000101111, 0000011000001001
0110011000001111, 0000011000001001
1000111100011001, 0000011000001001
1001111100001001, 0000011000001001
1111000011110001, 1111000011110000
1111000011110010, 1111000011110000
1111000011110100, 1111000011110000
1111000011111000, 1111000011110000
1111000111100000, 1111000011110000
1111000111110000, 1111000011110000
1111001011010000, 1111000011110000
1111001011110000, 1111000011110000
1111010010110000, 1111000011110000
1111010011110000, 1111000011110000
1111100001110000, 1111000011110000
1111100011110000, 1111000011110000
0000011100001000, 1111001011110000
0010000110101111, 0000011100001000
0010001100101111, 0000011100001000
0010010010101111, 0000011100001000
0010011000101111, 0000011100001000
0010100100101111, 0000011100001000
0010110000101111, 0000011100001000
1000011110001011, 0000011100001000
1000011110001110, 0000011100001000
1010000100101111, 0000011100001000
1010010000101111, 0000011100001000
0000100000000111, 1111000011110010
0010111100100011, 0000100000000111
0010111100100110, 0000100000000111
0010111100101001, 0000100000000111
0010111100101100, 0000100000000111
0010111110100001, 0000100000000111
0010111110100100, 0000100000000111
1000101110000111, 0000100000000111
1000111010000111, 0000100000000111
1010111100100001, 0000100000000111
1010111100100100, 0000100000000111
0000100100000110, 1111000011110000
0000100110011111, 0000100100000110
0000111101100110, 0000100100000110
0001100110001111, 0000100100000110
0010111101000110, 0000100100000110
0100111100100110, 0000100100000110
0110111100000110, 0000100100000110
1000100100011111, 0000100100000110
1001100100001111, 0000100100000110
1111000011110001, 1111000011110000
1111000011110010, 1111000011110000
1111000011110100, 1111000011110000
1111000011111000, 1111000011110000
1111000111100000, 1111000011110000
1111000111110000, 1111000011110000
1111001011010000, 1111000011110000
1111001011110000, 1111000011110000
1111010010110000, 1111000011110000
1111010011110000, 1111000011110000
1111100001110000, 1111000011110000
1111100011110000, 1111000011110000
0000101000000101, 1111000011110000
0001101001100111, 0000101000000101
0001101001101101, 0000101000000101
0001101011000111, 0000101000000101
0001101011001101, 0000101000000101
0010101110010101, 0000101000000101
0010101111000101, 0000101000000101
0010111010010101, 0000101000000101
0010111011000101, 0000101000000101
0011101001000111, 0000101000000101
0011101001001101, 0000101000000101
0011101011000101, 0000101000000101
0011101110000101, 0000101000000101
0011111010000101, 0000101000000101
0100101000110111, 0000101000000101
0100101000111101, 0000101000000101
0100101010010111, 0000101000000101
0100101010011101, 0000101000000101
0101100010100001, 0011101011000101
0110101000010111, 0000101000000101
0110101000011101, 0000101000000101
0110101010010101, 0000101000000101
0110101110000101, 0000101000000101
0110111010000101, 0000101000000101
1000101100110101, 0000101000000101
1000101101100101, 0000101000000101
1000111000110101, 0000101000000101
1000111001100101, 0000101000000101
1001101001000111, 0000101000000101
1001101001001101, 0000101000000101
1001101001100101, 0000101000000101
1001101100100101, 0000101000000101
1001111000100101, 0000101000000101
1010001001010001, 0110101010010101
1010001001010100, 0011101011000101
1010100001010100, 1001101001100101
1100101000010111, 0000101000000101
1100101000011101, 0000101000000101
1100101000110101, 0000101000000101
1100101100100101, 0000101000000101
1100111000100101, 0000101000000101
1111000011110001, 1111000011110000
1111000011110010, 1111000011110000
1111000011110100, 1111000011110000
1111000011111000, 1111000011110000
1111000111100000, 1111000011110000
1111000111110000, 1111000011110000
1111001011010000, 1111000011110000
1111001011110000, 1111000011110000
1111010010110000, 1111000011110000
1111010011110000, 1111000011110000
1111100001110000, 1111000011110000
1111100011110000, 1111000011110000
0000101100000100, 1111000111110000
0001001001011111, 0000101100000100
0001001100011111, 0000101100000100
0001011000011111, 0000101100000100
0001100001011111, 0000101100000100
0001100100011111, 0000101100000100
0001110000011111, 0000101100000100
0100101101000111, 0000101100000100
0100101101001101, 0000101100000100
0101001000011111, 0000101100000100
0101100000011111, 0000101100000100
0000110000000011, 1111000011110000
0000110011001111, 0000110000000011
0000111100110011, 0000110000000011
0001111100100011, 0000110000000011
0010111100010011, 0000110000000011
0011111100000011, 0000110000000011
0100110010001111, 0000110000000011
1000110001001111, 0000110000000011
1100110000001111, 0000110000000011
1111000011110001, 1111000011110000
1111000011110010, 1111000011110000
1111000011110100, 1111000011110000
1111000011111000, 1111000011110000
1111000111100000, 1111000011110000
1111000111110000, 1111000011110000
1111001011010000, 1111000011110000
1111001011110000, 1111000011110000
1111010010110000, 1111000011110000
1111010011110000, 1111000011110000
1111100001110000, 1111000011110000
1111100011110000, 1111000011110000
0000110100000010, 1111100011110000
0010110100101011, 0000110100000010
0010110100101110, 0000110100000010
1000000110101111, 0000110100000010
1000001110001111, 0000110100000010
1000010010101111, 0000110100000010
1000011010001111, 0000110100000010
1000100110001111, 0000110100000010
1000110010001111, 0000110100000010
1010000110001111, 0000110100000010
1010010010001111, 0000110100000010
0000111000000001, 1111010011110000
0001111000010111, 0000111000000001
0001111000011101, 0000111000000001
0100001001011111, 0000111000000001
0100001101001111, 0000111000000001
0100011001001111, 0000111000000001
0100100001011111, 0000111000000001
0100100101001111, 0000111000000001
0100110001001111, 0000111000000001
0101001001001111, 0000111000000001
0101100001001111, 0000111000000001
0101000001011010, 1111000011110000
1111000011110001, 1111000011110000
1111000011110010, 1111000011110000
1111000011110100, 1111000011110000
1111000011111000, 1111000011110000
1111000111100000, 1111000011110000
1111000111110000, 1111000011110000
1111001011010000, 1111000011110000
1111001011110000, 1111000011110000
1111010010110000, 1111000011110000
1111010011110000, 1111000011110000
1111100001110000, 1111000011110000
1111100011110000, 1111000011110000
0101000110100010, 1001010101101010
1010010001011000, 1001010101101010
0101001001111000, 1111000011110000
1111000011110001, 1111000011110000
1111000011110010, 1111000011110000
1111000011110100, 1111000011110000
1111000011111000, 1111000011110000
1111000111100000, 1111000011110000
1111000111110000, 1111000011110000
1111001011010000, 1111000011110000
1111001011110000, 1111000011110000
1111010010110000, 1111000011110000
1111010011110000, 1111000011110000
1111100001110000, 1111000011110000
1111100011110000, 1111000011110000
0101001010100001, 1001101001100101
1010100001010100, 1001101001100101
0101001010100100, 1100101000110101
0101001011011000, 1111000011110000
1111000011110001, 1111000011110000
1111000011110010, 1111000011110000
1111000011110100, 1111000011110000
1111000011111000, 1111000011110000
1111000111100000, 1111000011110000
1111000111110000, 1111000011110000
1111001011010000, 1111000011110000
1111001011110000, 1111000011110000
1111010010110000, 1111000011110000
1111010011110000, 1111000011110000
1111100001110000, 1111000011110000
1111100011110000, 1111000011110000
0101010010100010, 1100010100111010
0101100001110010, 1111000011110000
1111000011110001, 1111000011110000
1111000011110010, 1111000011110000
1111000011110100, 1111000011110000
1111000011111000, 1111000011110000
1111000111100000, 1111000011110000
1111000111110000, 1111000011110000
1111001011010000, 1111000011110000
1111001011110000, 1111000011110000
1111010010110000, 1111000011110000
1111010011110000, 1111000011110000
1111100001110000, 1111000011110000
1111100011110000, 1111000011110000
0101100010100100, 0110101010010101
1010001001010001, 0110101010010101
0101100011010010, 1111000011110000
1111000011110001, 1111000011110000
1111000011110010, 1111000011110000
1111000011110100, 1111000011110000
1111000011111000, 1111000011110000
1111000111100000, 1111000011110000
1111000111110000, 1111000011110000
1111001011010000, 1111000011110000
1111001011110000, 1111000011110000
1111010010110000, 1111000011110000
1111010011110000, 1111000011110000
1111100001110000, 1111000011110000
1111100011110000, 1111000011110000
0101101001010000, 1111000011110000
1111000011110001, 1111000011110000
1111000011110010, 1111000011110000
1111000011110100, 1111000011110000
1111000011111000, 1111000011110000
1111000111100000, 1111000011110000
1111000111110000, 1111000011110000
1111001011010000, 1111000011110000
1111001011110000, 1111000011110000
1111010010110000, 1111000011110000
1111010011110000, 1111000011110000
1111100001110000, 1111000011110000
1111100011110000, 1111000011110000
0111000001111000, 1111000011110000
1111000011110001, 1111000011110000
1111000011110010, 1111000011110000
1111000011110100, 1111000011110000
1111000011111000, 1111000011110000
1111000111100000, 1111000011110000
1111000111110000, 1111000011110000
1111001011010000, 1111000011110000
1111001011110000, 1111000011110000
1111010010110000, 1111000011110000
1111010011110000, 1111000011110000
1111100001110000, 1111000011110000
1111100011110000, 1111000011110000
0111000011011010, 1111000011110000
1111000011110001, 1111000011110000
1111000011110010, 1111000011110000
1111000011110100, 1111000011110000
1111000011111000, 1111000011110000
1111000111100000, 1111000011110000
1111000111110000, 1111000011110000
1111001011010000, 1111000011110000
1111001011110000, 1111000011110000
1111010010110000, 1111000011110000
1111010011110000, 1111000011110000
1111100001110000, 1111000011110000
1111100011110000, 1111000011110000
0111000011111000, 1111000011110000
1111000011110001, 1111000011110000
1111000011110010, 1111000011110000
1111000011110100, 1111000011110000
1111000011111000, 1111000011110000
1111000111100000, 1111000011110000
1111000111110000, 1111000011110000
1111001011010000, 1111000011110000
1111001011110000, 1111000011110000
1111010010110000, 1111000011110000
1111010011110000, 1111000011110000
1111100001110000, 1111000011110000
1111100011110000, 1111000011110000
0111001001011000, 1111000011110000
1111000011110001, 1111000011110000
1111000011110010, 1111000011110000
1111000011110100, 1111000011110000
1111000011111000, 1111000011110000
1111000111100000, 1111000011110000
1111000111110000, 1111000011110000
1111001011010000, 1111000011110000
1111001011110000, 1111000011110000
1111010010110000, 1111000011110000
1111010011110000, 1111000011110000
1111100001110000, 1111000011110000
1111100011110000, 1111000011110000
0111001001111000, 1111000011110000
1111000011110001, 1111000011110000
1111000011110010, 1111000011110000
1111000011110100, 1111000011110000
1111000011111000, 1111000011110000
1111000111100000, 1111000011110000
1111000111110000, 1111000011110000
1111001011010000, 1111000011110000
1111001011110000, 1111000011110000
1111010010110000, 1111000011110000
1111010011110000, 1111000011110000
1111100001110000, 1111000011110000
1111100011110000, 1111000011110000
0111001011011000, 1111000011110000
1111000011110001, 1111000011110000
1111000011110010, 1111000011110000
1111000011110100, 1111000011110000
1111000011111000, 1111000011110000
1111000111100000, 1111000011110000
1111000111110000, 1111000011110000
1111001011010000, 1111000011110000
1111001011110000, 1111000011110000
1111010010110000, 1111000011110000
1111010011110000, 1111000011110000
1111100001110000, 1111000011110000
1111100011110000, 1111000011110000
0111100001010010, 1111000011110000
1111000011110001, 1111000011110000
1111000011110010, 1111000011110000
1111000011110100, 1111000011110000
1111000011111000, 1111000011110000
1111000111100000, 1111000011110000
1111000111110000, 1111000011110000
1111001011010000, 1111000011110000
1111001011110000, 1111000011110000
1111010010110000, 1111000011110000
1111010011110000, 1111000011110000
1111100001110000, 1111000011110000
1111100011110000, 1111000011110000
0111100001110000, 1111000011110000
1111000011110001, 1111000011110000
1111000011110010, 1111000011110000
1111000011110100, 1111000011110000
1111000011111000, 1111000011110000
1111000111100000, 1111000011110000
1111000111110000, 1111000011110000
1111001011010000, 1111000011110000
1111001011110000, 1111000011110000
1111010010110000, 1111000011110000
1111010011110000, 1111000011110000
1111100001110000, 1111000011110000
1111100011110000, 1111000011110000
0111100011010010, 1111000011110000
1111000011110001, 1111000011110000
1111000011110010, 1111000011110000
1111000011110100, 1111000011110000
1111000011111000, 1111000011110000
1111000111100000, 1111000011110000
1111000111110000, 1111000011110000
1111001011010000, 1111000011110000
1111001011110000, 1111000011110000
1111010010110000, 1111000011110000
1111010011110000, 1111000011110000
1111100001110000, 1111000011110000
1111100011110000, 1111000011110000
0111100011110000, 1111000011110000
1111000011110001, 1111000011110000
1111000011110010, 1111000011110000
1111000011110100, 1111000011110000
1111000011111000, 1111000011110000
1111000111100000, 1111000011110000
1111000111110000, 1111000011110000
1111001011010000, 1111000011110000
1111001011110000, 1111000011110000
1111010010110000, 1111000011110000
1111010011110000, 1111000011110000
1111100001110000, 1111000011110000
1111100011110000, 1111000011110000
0111101001110000, 1111000011110000
1111000011110001, 1111000011110000
1111000011110010, 1111000011110000
1111000011110100, 1111000011110000
1111000011111000, 1111000011110000
1111000111100000, 1111000011110000
1111000111110000, 1111000011110000
1111001011010000, 1111000011110000
1111001011110000, 1111000011110000
1111010010110000, 1111000011110000
1111010011110000, 1111000011110000
1111100001110000, 1111000011110000
1111100011110000, 1111000011110000
0111101011010000, 1111000011110000
1111000011110001, 1111000011110000
1111000011110010, 1111000011110000
1111000011110100, 1111000011110000
1111000011111000, 1111000011110000
1111000111100000, 1111000011110000
1111000111110000, 1111000011110000
1111001011010000, 1111000011110000
1111001011110000, 1111000011110000
1111010010110000, 1111000011110000
1111010011110000, 1111000011110000
1111100001110000, 1111000011110000
1111100011110000, 1111000011110000
1010000010100101, 1111000011110000
1111000011110001, 1111000011110000
1111000011110010, 1111000011110000
1111000011110100, 1111000011110000
1111000011111000, 1111000011110000
1111000111100000, 1111000011110000
1111000111110000, 1111000011110000
1111001011010000, 1111000011110000
1111001011110000, 1111000011110000
1111010010110000, 1111000011110000
1111010011110000, 1111000011110000
1111100001110000, 1111000011110000
1111100011110000, 1111000011110000
1010000101011000, 1100010100111010
1010000110110100, 1111000011110000
1111000011110001, 1111000011110000
1111000011110010, 1111000011110000
1111000011110100, 1111000011110000
1111000011111000, 1111000011110000
1111000111100000, 1111000011110000
1111000111110000, 1111000011110000
1111001011010000, 1111000011110000
1111001011110000, 1111000011110000
1111010010110000, 1111000011110000
1111010011110000, 1111000011110000
1111100001110000, 1111000011110000
1111100011110000, 1111000011110000
1010000111100100, 1111000011110000
1111000011110001, 1111000011110000
1111000011110010, 1111000011110000
1111000011110100, 1111000011110000
1111000011111000, 1111000011110000
1111000111100000, 1111000011110000
1111000111110000, 1111000011110000
1111001011010000, 1111000011110000
1111001011110000, 1111000011110000
1111010010110000, 1111000011110000
1111010011110000, 1111000011110000
1111100001110000, 1111000011110000
1111100011110000, 1111000011110000
1010010010110001, 1111000011110000
1111000011110001, 1111000011110000
1111000011110010, 1111000011110000
1111000011110100, 1111000011110000
1111000011111000, 1111000011110000
1111000111100000, 1111000011110000
1111000111110000, 1111000011110000
1111001011010000, 1111000011110000
1111001011110000, 1111000011110000
1111010010110000, 1111000011110000
1111010011110000, 1111000011110000
1111100001110000, 1111000011110000
1111100011110000, 1111000011110000
1010010011100001, 1111000011110000
1111000011110001, 1111000011110000
1111000011110010, 1111000011110000
1111000011110100, 1111000011110000
1111000011111000, 1111000011110000
1111000111100000, 1111000011110000
1111000111110000, 1111000011110000
1111001011010000, 1111000011110000
1111001011110000, 1111000011110000
1111010010110000, 1111000011110000
1111010011110000, 1111000011110000
1111100001110000, 1111000011110000
1111100011110000, 1111000011110000
1010010110100000, 1111000011110000
1111000011110001, 1111000011110000
1111000011110010, 1111000011110000
1111000011110100, 1111000011110000
1111000011111000, 1111000011110000
1111000111100000, 1111000011110000
1111000111110000, 1111000011110000
1111001011010000, 1111000011110000
1111001011110000, 1111000011110000
1111010010110000, 1111000011110000
1111010011110000, 1111000011110000
1111100001110000, 1111000011110000
1111100011110000, 1111000011110000
1010100001010001, 1100101000110101
1011000010110100, 1111000011110000
1111000011110001, 1111000011110000
1111000011110010, 1111000011110000
1111000011110100, 1111000011110000
1111000011111000, 1111000011110000
1111000111100000, 1111000011110000
1111000111110000, 1111000011110000
1111001011010000, 1111000011110000
1111001011110000, 1111000011110000
1111010010110000, 1111000011110000
1111010011110000, 1111000011110000
1111100001110000, 1111000011110000
1111100011110000, 1111000011110000
1011000011100101, 1111000011110000
1111000011110001, 1111000011110000
1111000011110010, 1111000011110000
1111000011110100, 1111000011110000
1111000011111000, 1111000011110000
1111000111100000, 1111000011110000
1111000111110000, 1111000011110000
1111001011010000, 1111000011110000
1111001011110000, 1111000011110000
1111010010110000, 1111000011110000
1111010011110000, 1111000011110000
1111100001110000, 1111000011110000
1111100011110000, 1111000011110000
1011000011110100, 1111000011110000
1111000011110001, 1111000011110000
1111000011110010, 1111000011110000
1111000011110100, 1111000011110000
1111000011111000, 1111000011110000
1111000111100000, 1111000011110000
1111000111110000, 1111000011110000
1111001011010000, 1111000011110000
1111001011110000, 1111000011110000
1111010010110000, 1111000011110000
1111010011110000, 1111000011110000
1111100001110000, 1111000011110000
1111100011110000, 1111000011110000
1011000110100100, 1111000011110000
1111000011110001, 1111000011110000
1111000011110010, 1111000011110000
1111000011110100, 1111000011110000
1111000011111000, 1111000011110000
1111000111100000, 1111000011110000
1111000111110000, 1111000011110000
1111001011010000, 1111000011110000
1111001011110000, 1111000011110000
1111010010110000, 1111000011110000
1111010011110000, 1111000011110000
1111100001110000, 1111000011110000
1111100011110000, 1111000011110000
1011000110110100, 1111000011110000
1111000011110001, 1111000011110000
1111000011110010, 1111000011110000
1111000011110100, 1111000011110000
1111000011111000, 1111000011110000
1111000111100000, 1111000011110000
1111000111110000, 1111000011110000
1111001011010000, 1111000011110000
1111001011110000, 1111000011110000
1111010010110000, 1111000011110000
1111010011110000, 1111000011110000
1111100001110000, 1111000011110000
1111100011110000, 1111000011110000
1011000111100100, 1111000011110000
1111000011110001, 1111000011110000
1111000011110010, 1111000011110000
1111000011110100, 1111000011110000
1111000011111000, 1111000011110000
1111000111100000, 1111000011110000
1111000111110000, 1111000011110000
1111001011010000, 1111000011110000
1111001011110000, 1111000011110000
1111010010110000, 1111000011110000
1111010011110000, 1111000011110000
1111100001110000, 1111000011110000
1111100011110000, 1111000011110000
1011010010100001, 1111000011110000
1111000011110001, 1111000011110000
1111000011110010, 1111000011110000
1111000011110100, 1111000011110000
1111000011111000, 1111000011110000
1111000111100000, 1111000011110000
1111000111110000, 1111000011110000
1111001011010000, 1111000011110000
1111001011110000, 1111000011110000
1111010010110000, 1111000011110000
1111010011110000, 1111000011110000
1111100001110000, 1111000011110000
1111100011110000, 1111000011110000
1011010010110001, 1111000011110000
1111000011110001, 1111000011110000
1111000011110010, 1111000011110000
1111000011110100, 1111000011110000
1111000011111000, 1111000011110000
1111000111100000, 1111000011110000
1111000111110000, 1111000011110000
1111001011010000, 1111000011110000
1111001011110000, 1111000011110000
1111010010110000, 1111000011110000
1111010011110000, 1111000011110000
1111100001110000, 1111000011110000
1111100011110000, 1111000011110000
1011010011100001, 1111000011110000
1111000011110001, 1111000011110000
1111000011110010, 1111000011110000
1111000011110100, 1111000011110000
1111000011111000, 1111000011110000
1111000111100000, 1111000011110000
1111000111110000, 1111000011110000
1111001011010000, 1111000011110000
1111001011110000, 1111000011110000
1111010010110000, 1111000011110000
1111010011110000, 1111000011110000
1111100001110000, 1111000011110000
1111100011110000, 1111000011110000
1011010110110000, 1111000011110000
1111000011110001, 1111000011110000
1111000011110010, 1111000011110000
1111000011110100, 1111000011110000
1111000011111000, 1111000011110000
1111000111100000, 1111000011110000
1111000111110000, 1111000011110000
1111001011010000, 1111000011110000
1111001011110000, 1111000011110000
1111010010110000, 1111000011110000
1111010011110000, 1111000011110000
1111100001110000, 1111000011110000
1111100011110000, 1111000011110000
1011010111100000, 1111000011110000
1111000011110001, 1111000011110000
1111000011110010, 1111000011110000
1111000011110100, 1111000011110000
1111000011111000, 1111000011110000
1111000111100000, 1111000011110000
1111000111110000, 1111000011110000
1111001011010000, 1111000011110000
1111001011110000, 1111000011110000
1111010010110000, 1111000011110000
1111010011110000, 1111000011110000
1111100001110000, 1111000011110000
1111100011110000, 1111000011110000
1101000001111010, 1111000011110000
1111000011110001, 1111000011110000
1111000011110010, 1111000011110000
1111000011110100, 1111000011110000
1111000011111000, 1111000011110000
1111000111100000, 1111000011110000
1111000111110000, 1111000011110000
1111001011010000, 1111000011110000
1111001011110000, 1111000011110000
1111010010110000, 1111000011110000
1111010011110000, 1111000011110000
1111100001110000, 1111000011110000
1111100011110000, 1111000011110000
1101000011010010, 1111000011110000
1111000011110001, 1111000011110000
1111000011110010, 1111000011110000
1111000011110100, 1111000011110000
1111000011111000, 1111000011110000
1111000111100000, 1111000011110000
1111000111110000, 1111000011110000
1111001011010000, 1111000011110000
1111001011110000, 1111000011110000
1111010010110000, 1111000011110000
1111010011110000, 1111000011110000
1111100001110000, 1111000011110000
1111100011110000, 1111000011110000
1101000011110010, 1111000011110000
1111000011110001, 1111000011110000
1111000011110010, 1111000011110000
1111000011110100, 1111000011110000
1111000011111000, 1111000011110000
1111000111100000, 1111000011110000
1111000111110000, 1111000011110000
1111001011010000, 1111000011110000
1111001011110000, 1111000011110000
1111010010110000, 1111000011110000
1111010011110000, 1111000011110000
1111100001110000, 1111000011110000
1111100011110000, 1111000011110000
1101001001011000, 1111000011110000
1111000011110001, 1111000011110000
1111000011110010, 1111000011110000
1111000011110100, 1111000011110000
1111000011111000, 1111000011110000
1111000111100000, 1111000011110000
1111000111110000, 1111000011110000
1111001011010000, 1111000011110000
1111001011110000, 1111000011110000
1111010010110000, 1111000011110000
1111010011110000, 1111000011110000
1111100001110000, 1111000011110000
1111100011110000, 1111000011110000
1101001001111000, 1111000011110000
1111000011110001, 1111000011110000
1111000011110010, 1111000011110000
1111000011110100, 1111000011110000
1111000011111000, 1111000011110000
1111000111100000, 1111000011110000
1111000111110000, 1111000011110000
1111001011010000, 1111000011110000
1111001011110000, 1111000011110000
1111010010110000, 1111000011110000
1111010011110000, 1111000011110000
1111100001110000, 1111000011110000
1111100011110000, 1111000011110000
1101001011010000, 1111000011110000
1111000011110001, 1111000011110000
1111000011110010, 1111000011110000
1111000011110100, 1111000011110000
1111000011111000, 1111000011110000
1111000111100000, 1111000011110000
1111000111110000, 1111000011110000
1111001011010000, 1111000011110000
1111001011110000, 1111000011110000
1111010010110000, 1111000011110000
1111010011110000, 1111000011110000
1111100001110000, 1111000011110000
1111100011110000, 1111000011110000
1101001011110000, 1111000011110000
1111000011110001, 1111000011110000
1111000011110010, 1111000011110000
1111000011110100, 1111000011110000
1111000011111000, 1111000011110000
1111000111100000, 1111000011110000
1111000111110000, 1111000011110000
1111001011010000, 1111000011110000
1111001011110000, 1111000011110000
1111010010110000, 1111000011110000
1111010011110000, 1111000011110000
1111100001110000, 1111000011110000
1111100011110000, 1111000011110000
1101100001010010, 1111000011110000
1111000011110001, 1111000011110000
1111000011110010, 1111000011110000
1111000011110100, 1111000011110000
1111000011111000, 1111000011110000
1111000111100000, 1111000011110000
1111000111110000, 1111000011110000
1111001011010000, 1111000011110000
1111001011110000, 1111000011110000
1111010010110000, 1111000011110000
1111010011110000, 1111000011110000
1111100001110000, 1111000011110000
1111100011110000, 1111000011110000
1101100001110010, 1111000011110000
1111000011110001, 1111000011110000
1111000011110010, 1111000011110000
1111000011110100, 1111000011110000
1111000011111000, 1111000011110000
1111000111100000, 1111000011110000
1111000111110000, 1111000011110000
1111001011010000, 1111000011110000
1111001011110000, 1111000011110000
1111010010110000, 1111000011110000
1111010011110000, 1111000011110000
1111100001110000, 1111000011110000
1111100011110000, 1111000011110000
1101100011010010, 1111000011110000
1111000011110001, 1111000011110000
1111000011110010, 1111000011110000
1111000011110100, 1111000011110000
1111000011111000, 1111000011110000
1111000111100000, 1111000011110000
1111000111110000, 1111000011110000
1111001011010000, 1111000011110000
1111001011110000, 1111000011110000
1111010010110000, 1111000011110000
1111010011110000, 1111000011110000
1111100001110000, 1111000011110000
1111100011110000, 1111000011110000
1101101001110000, 1111000011110000
1111000011110001, 1111000011110000
1111000011110010, 1111000011110000
1111000011110100, 1111000011110000
1111000011111000, 1111000011110000
1111000111100000, 1111000011110000
1111000111110000, 1111000011110000
1111001011010000, 1111000011110000
1111001011110000, 1111000011110000
1111010010110000, 1111000011110000
1111010011110000, 1111000011110000
1111100001110000, 1111000011110000
1111100011110000, 1111000011110000
1101101011010000, 1111000011110000
1111000011110001, 1111000011110000
1111000011110010, 1111000011110000
1111000011110100, 1111000011110000
1111000011111000, 1111000011110000
1111000111100000, 1111000011110000
1111000111110000, 1111000011110000
1111001011010000, 1111000011110000
1111001011110000, 1111000011110000
1111010010110000, 1111000011110000
1111010011110000, 1111000011110000
1111100001110000, 1111000011110000
1111100011110000, 1111000011110000
1110000010110101, 1111000011110000
1111000011110001, 1111000011110000
1111000011110010, 1111000011110000
1111000011110100, 1111000011110000
1111000011111000, 1111000011110000
1111000111100000, 1111000011110000
1111000111110000, 1111000011110000
1111001011010000, 1111000011110000
1111001011110000, 1111000011110000
1111010010110000, 1111000011110000
1111010011110000, 1111000011110000
1111100001110000, 1111000011110000
1111100011110000, 1111000011110000
1110000011100001, 1111000011110000
1111000011110001, 1111000011110000
1111000011110010, 1111000011110000
1111000011110100, 1111000011110000
1111000011111000, 1111000011110000
1111000111100000, 1111000011110000
1111000111110000, 1111000011110000
1111001011010000, 1111000011110000
1111001011110000, 1111000011110000
1111010010110000, 1111000011110000
1111010011110000, 1111000011110000
1111100001110000, 1111000011110000
1111100011110000, 1111000011110000
1110000011110001, 1111000011110000
1111000011110001, 1111000011110000
1111000011110010, 1111000011110000
1111000011110100, 1111000011110000
1111000011111000, 1111000011110000
1111000111100000, 1111000011110000
1111000111110000, 1111000011110000
1111001011010000, 1111000011110000
1111001011110000, 1111000011110000
1111010010110000, 1111000011110000
1111010011110000, 1111000011110000
1111100001110000, 1111000011110000
1111100011110000, 1111000011110000
1110000110100100, 1111000011110000
1111000011110001, 1111000011110000
1111000011110010, 1111000011110000
1111000011110100, 1111000011110000
1111000011111000, 1111000011110000
1111000111100000, 1111000011110000
1111000111110000, 1111000011110000
1111001011010000, 1111000011110000
1111001011110000, 1111000011110000
1111010010110000, 1111000011110000
1111010011110000, 1111000011110000
1111100001110000, 1111000011110000
1111100011110000, 1111000011110000
1110000110110100, 1111000011110000
1111000011110001, 1111000011110000
1111000011110010, 1111000011110000
1111000011110100, 1111000011110000
1111000011111000, 1111000011110000
1111000111100000, 1111000011110000
1111000111110000, 1111000011110000
1111001011010000, 1111000011110000
1111001011110000, 1111000011110000
1111010010110000, 1111000011110000
1111010011110000, 1111000011110000
1111100001110000, 1111000011110000
1111100011110000, 1111000011110000
1110000111100000, 1111000011110000
1111000011110001, 1111000011110000
1111000011110010, 1111000011110000
1111000011110100, 1111000011110000
1111000011111000, 1111000011110000
1111000111100000, 1111000011110000
1111000111110000, 1111000011110000
1111001011010000, 1111000011110000
1111001011110000, 1111000011110000
1111010010110000, 1111000011110000
1111010011110000, 1111000011110000
1111100001110000, 1111000011110000
1111100011110000, 1111000011110000
1110000111110000, 1111000011110000
1111000011110001, 1111000011110000
1111000011110010, 1111000011110000
1111000011110100, 1111000011110000
1111000011111000, 1111000011110000
1111000111100000, 1111000011110000
1111000111110000, 1111000011110000
1111001011010000, 1111000011110000
1111001011110000, 1111000011110000
1111010010110000, 1111000011110000
1111010011110000, 1111000011110000
1111100001110000, 1111000011110000
1111100011110000, 1111000011110000
1110010010100001, 1111000011110000
1111000011110001, 1111000011110000
1111000011110010, 1111000011110000
1111000011110100, 1111000011110000
1111000011111000, 1111000011110000
1111000111100000, 1111000011110000
1111000111110000, 1111000011110000
1111001011010000, 1111000011110000
1111001011110000, 1111000011110000
1111010010110000, 1111000011110000
1111010011110000, 1111000011110000
1111100001110000, 1111000011110000
1111100011110000, 1111000011110000
1110010011100001, 1111000011110000
1111000011110001, 1111000011110000
1111000011110010, 1111000011110000
1111000011110100, 1111000011110000
1111000011111000, 1111000011110000
1111000111100000, 1111000011110000
1111000111110000, 1111000011110000
1111001011010000, 1111000011110000
1111001011110000, 1111000011110000
1111010010110000, 1111000011110000
1111010011110000, 1111000011110000
1111100001110000, 1111000011110000
1111100011110000, 1111000011110000
1110010110110000, 1111000011110000
1111000011110001, 1111000011110000
1111000011110010, 1111000011110000
1111000011110100, 1111000011110000
1111000011111000, 1111000011110000
1111000111100000, 1111000011110000
1111000111110000, 1111000011110000
1111001011010000, 1111000011110000
1111001011110000, 1111000011110000
1111010010110000, 1111000011110000
1111010011110000, 1111000011110000
1111100001110000, 1111000011110000
1111100011110000, 1111000011110000
1110010111100000, 1111000011110000
1111000011110001, 1111000011110000
1111000011110010, 1111000011110000
1111000011110100, 1111000011110000
1111000011111000, 1111000011110000
1111000111100000, 1111000011110000
1111000111110000, 1111000011110000
1111001011010000, 1111000011110000
1111001011110000, 1111000011110000
1111010010110000, 1111000011110000
1111010011110000, 1111000011110000
1111100001110000, 1111000011110000
1111100011110000, 1111000011110000
1111000001111000, 1111000011110000
1111000011110001, 1111000011110000
1111000011110010, 1111000011110000
1111000011110100, 1111000011110000
1111000011111000, 1111000011110000
1111000111100000, 1111000011110000
1111000111110000, 1111000011110000
1111001011010000, 1111000011110000
1111001011110000, 1111000011110000
1111010010110000, 1111000011110000
1111010011110000, 1111000011110000
1111100001110000, 1111000011110000
1111100011110000, 1111000011110000
1111000010110100, 1111000011110000
1111000011110001, 1111000011110000
1111000011110010, 1111000011110000
1111000011110100, 1111000011110000
1111000011111000, 1111000011110000
1111000111100000, 1111000011110000
1111000111110000, 1111000011110000
1111001011010000, 1111000011110000
1111001011110000, 1111000011110000
1111010010110000, 1111000011110000
1111010011110000, 1111000011110000
1111100001110000, 1111000011110000
1111100011110000, 1111000011110000
1111000011010010, 1111000011110000
1111000011110001, 1111000011110000
1111000011110010, 1111000011110000
1111000011110100, 1111000011110000
1111000011111000, 1111000011110000
1111000111100000, 1111000011110000
1111000111110000, 1111000011110000
1111001011010000, 1111000011110000
1111001011110000, 1111000011110000
1111010010110000, 1111000011110000
1111010011110000, 1111000011110000
1111100001110000, 1111000011110000
1111100011110000, 1111000011110000
1111000011100001, 1111000011110000
1111000011110001, 1111000011110000
1111000011110010, 1111000011110000
1111000011110100, 1111000011110000
1111000011111000, 1111000011110000
1111000111100000, 1111000011110000
1111000111110000, 1111000011110000
1111001011010000, 1111000011110000
1111001011110000, 1111000011110000
1111010010110000, 1111000011110000
1111010011110000, 1111000011110000
1111100001110000, 1111000011110000
1111100011110000, 1111000011110000
0000001000001101, 1111000011111000
0010101100101101, 0000001000001101
0010111000101101, 0000001000001101
1000111110000011, 0000001000001101
1000111110000110, 0000001000001101
1000111110001001, 0000001000001101
1000111110001100, 0000001000001101
1000111110100001, 0000001000001101
1000111110100100, 0000001000001101
1010111110000001, 0000001000001101
1010111110000100, 0000001000001101
0111000001111010, 1111000011110000
1111000011110001, 1111000011110000
1111000011110010, 1111000011110000
1111000011110100, 1111000011110000
1111000011111000, 1111000011110000
1111000111100000, 1111000011110000
1111000111110000, 1111000011110000
1111001011010000, 1111000011110000
1111001011110000, 1111000011110000
1111010010110000, 1111000011110000
1111010011110000, 1111000011110000
1111100001110000, 1111000011110000
1111100011110000, 1111000011110000
0111100001110010, 1111000011110000
1111000011110001, 1111000011110000
1111000011110010, 1111000011110000
1111000011110100, 1111000011110000
1111000011111000, 1111000011110000
1111000111100000, 1111000011110000
1111000111110000, 1111000011110000
1111001011010000, 1111000011110000
1111001011110000, 1111000011110000
1111010010110000, 1111000011110000
1111010011110000, 1111000011110000
1111100001110000, 1111000011110000
1111100011110000, 1111000011110000
1011000010110101, 1111000011110000
1111000011110001, 1111000011110000
1111000011110010, 1111000011110000
1111000011110100, 1111000011110000
1111000011111000, 1111000011110000
1111000111100000, 1111000011110000
1111000111110000, 1111000011110000
1111001011010000, 1111000011110000
1111001011110000, 1111000011110000
1111010010110000, 1111000011110000
1111010011110000, 1111000011110000
1111100001110000, 1111000011110000
1111100011110000, 1111000011110000
1011010010110000, 1111000011110000
1111000011110001, 1111000011110000
1111000011110010, 1111000011110000
1111000011110100, 1111000011110000
1111000011111000, 1111000011110000
1111000111100000, 1111000011110000
1111000111110000, 1111000011110000
1111001011010000, 1111000011110000
1111001011110000, 1111000011110000
1111010010110000, 1111000011110000
1111010011110000, 1111000011110000
1111100001110000, 1111000011110000
1111100011110000, 1111000011110000
1011010011110000, 1111000011110000
1111000011110001, 1111000011110000
1111000011110010, 1111000011110000
1111000011110100, 1111000011110000
1111000011111000, 1111000011110000
1111000111100000, 1111000011110000
1111000111110000, 1111000011110000
1111001011010000, 1111000011110000
1111001011110000, 1111000011110000
1111010010110000, 1111000011110000
1111010011110000, 1111000011110000
1111100001110000, 1111000011110000
1111100011110000, 1111000011110000
1101000011011010, 1111000011110000
1111000011110001, 1111000011110000
1111000011110010, 1111000011110000
1111000011110100, 1111000011110000
1111000011111000, 1111000011110000
1111000111100000, 1111000011110000
1111000111110000, 1111000011110000
1111001011010000, 1111000011110000
1111001011110000, 1111000011110000
1111010010110000, 1111000011110000
1111010011110000, 1111000011110000
1111100001110000, 1111000011110000
1111100011110000, 1111000011110000
1101001011011000, 1111000011110000
1111000011110001, 1111000011110000
1111000011110010, 1111000011110000
1111000011110100, 1111000011110000
1111000011111000, 1111000011110000
1111000111100000, 1111000011110000
1111000111110000, 1111000011110000
1111001011010000, 1111000011110000
1111001011110000, 1111000011110000
1111010010110000, 1111000011110000
1111010011110000, 1111000011110000
1111100001110000, 1111000011110000
1111100011110000, 1111000011110000
1110000011100101, 1111000011110000
1111000011110001, 1111000011110000
1111000011110010, 1111000011110000
1111000011110100, 1111000011110000
1111000011111000, 1111000011110000
1111000111100000, 1111000011110000
1111000111110000, 1111000011110000
1111001011010000, 1111000011110000
1111001011110000, 1111000011110000
1111010010110000, 1111000011110000
1111010011110000, 1111000011110000
1111100001110000, 1111000011110000
1111100011110000, 1111000011110000
1110000111100100, 1111000011110000
1111000011110001, 1111000011110000
1111000011110010, 1111000011110000
1111000011110100, 1111000011110000
1111000011111000, 1111000011110000
1111000111100000, 1111000011110000
1111000111110000, 1111000011110000
1111001011010000, 1111000011110000
1111001011110000, 1111000011110000
1111010010110000, 1111000011110000
1111010011110000, 1111000011110000
1111100001110000, 1111000011110000
1111100011110000, 1111000011110000
1110010010110001, 1111000011110000
1111000011110001, 1111000011110000
1111000011110010, 1111000011110000
1111000011110100, 1111000011110000
1111000011111000, 1111000011110000
1111000111100000, 1111000011110000
1111000111110000, 1111000011110000
1111001011010000, 1111000011110000
1111001011110000, 1111000011110000
1111010010110000, 1111000011110000
1111010011110000, 1111000011110000
1111100001110000, 1111000011110000
1111100011110000, 1111000011110000
1111000011110000, 1111000011110000
1111000011110001, 1111000011110000
1111000011110010, 1111000011110000
1111000011110100, 1111000011110000
1111000011111000, 1111000011110000
1111000111100000, 1111000011110000
1111000111110000, 1111000011110000
1111001011010000, 1111000011110000
1111001011110000, 1111000011110000
1111010010110000, 1111000011110000
1111010011110000, 1111000011110000
1111100001110000, 1111000011110000
1111100011110000, 1111000011110000
0011000000110101, 1011000010110100
0101000001011001, 0011000000110101
0011000110010100, 1011000010110100
1001000010010101, 1011000010110100
1001000100110100, 1011000010110100
0011010010010001, 1011010010110000
0011010100110000, 1011010010110000
0101100101010000, 0011010100110000
1001010000110001, 1011010010110000
1001010110010000, 1011010010110000
0011100001100010, 0111100001110000
0011101000110000, 0111100001110000
1010011010100000, 0011101000110000
0110100000110010, 0111100001110000
0110101001100000, 0111100001110000
1010001110100000, 0110101001100000
0101000001010011, 1001000010010101
0101000001011100, 0110000001100101
0110000001100101, 1110000011100001
0110010011000001, 1110000011100001
0101001101010000, 1001010110010000
0101010010101000, 0110010110011010
1010000101010010, 0110010110011010
0101011001010000, 1100010111000000
1100010111000000, 1110000111100000
0101110001010000, 0110010101100000
0110010101100000, 1110000111100000
1100000101100100, 1110000111100000
0110000111000100, 1110000111100000
1001000010011010, 1101000011010010
1010000010101100, 1001000010011010
1001100011000010, 1101000011010010
1100000011001010, 1101000011010010
1100100010010010, 1101000011010010
1001001011001000, 1101001011010000
1001101010010000, 1101001011010000
1010110010100000, 1001101010010000
1100001010011000, 1101001011010000
1100101011000000, 1101001011010000
1010000010101001, 1100000011001010
1010100110100000, 1100101011000000
0011000000111010, 0111000001111000
1010000010100110, 0011000000111010
0011001001101000, 0111000001111000
0110000001101010, 0111000001111000
1010000010100011, 0110000001101010
0110001000111000, 0111000001111000
0101000001010110, 1100000011000101
1100000011000101, 1110000011100001
1100010001100001, 1110000011100001
