1, 15946
2, 7614
3, 5888
4, 5566
5, 142246
6, 638
7, 266
8, 229
9, 17830
10, 10458
11, 9893
12, 9481
13, 141385
14, 1506
15, 984
16, 892
17, 18603
18, 9894
19, 9318
20, 8896
21, 140449
22, 2196
23, 1510
24, 1353
25, 19379
26, 10665
27, 10197
28, 9718
29, 139723
30, 2588
31, 1973
32, 1786
33, 19886
34, 11315
35, 10772
36, 10310
37, 139077
38, 3043
39, 2352
40, 2165
41, 20648
42, 11923
43, 11331
44, 10727
45, 138156
46, 3572
47, 2827
48, 2691
49, 21475
50, 12464
51, 12035
52, 11525
53, 137190
54, 4150
55, 3420
56, 3240
57, 22280
58, 13155
59, 12957
60, 12186
61, 136124
62, 4805
63, 4053
64, 3879
65, 23210
66, 13821
67, 13294
68, 12333
69, 135125
70, 5488
71, 4766
72, 4603
