24,122,212,17,1
25,122,212,17,0
26,122,212,17,1
27,122,212,17,0
28,122,212,17,1
29,122,212,17,0
30,122,212,17,1
31,122,212,17,0
32,122,212,17,1
33,122,212,17,0
34,122,212,17,1
35,122,212,17,0
36,122,212,17,1
37,43,176,104,1
37,122,212,17,0
38,43,176,104,0
38,122,212,17,1
39,43,176,104,1
39,122,212,17,0
40,43,176,104,0
40,122,212,17,1
41,43,176,104,1
41,122,212,17,0
42,43,176,104,0
42,122,212,17,1
43,43,176,104,1
43,122,212,17,0
44,43,176,104,0
44,122,212,17,1
45,43,176,104,1
45,122,212,17,0
46,43,176,104,0
46,122,212,17,1
47,43,176,104,1
47,122,212,17,0
48,43,176,104,0
48,122,212,17,1
49,43,176,104,1
49,122,212,17,0
50,43,176,104,0
50,122,212,17,1
51,43,176,104,1
51,122,212,17,0
52,43,176,104,0
52,122,212,17,1
53,43,176,104,1
53,122,212,17,0
