1, 1031
2, 546
3, 458
4, 437
5, 418
6, 392
7, 393
8, 383
9, 8739
10, 132
11, 94
12, 77
13, 77
14, 77
15, 84
16, 87
17, 1262
18, 832
19, 766
20, 741
21, 734
22, 738
23, 739
24, 767
25, 8460
26, 279
27, 215
28, 203
29, 177
30, 184
31, 164
32, 166
33, 1534
34, 993
35, 991
36, 1021
37, 1024
38, 1018
39, 998
40, 988
41, 8039
42, 528
43, 438
44, 402
45, 393
46, 391
47, 371
48, 381
49, 1912
50, 1340
51, 1205
52, 1225
53, 1149
54, 1096
55, 1082
56, 1077
57, 7637
58, 788
59, 737
60, 729
61, 684
62, 695
63, 667
64, 673
65, 2301
66, 1579
67, 1505
68, 1401
