1, 1614
2, 592
3, 1150
4, 2430
5, 3080
6, 4868
7, 5373
8, 7171
9, 8094
10, 11593
11, 12233
12, 14209
13, 16876
14, 21470
15, 18907
16, 20657
17, 23172
18, 30608
19, 27368
20, 28965
21, 31536
22, 38537
23, 34376
24, 34415
25, 36079
26, 45325
27, 41470
28, 41865
29, 45704
30, 50207
31, 46739
32, 47449
33, 48517
34, 52021
35, 51277
36, 50657
37, 52666
38, 54164
39, 53356
40, 53090
41, 54186
42, 55095
43, 55370
44, 54828
45, 55163
46, 56551
47, 54842
48, 56167
49, 55677
50, 56373
51, 56717
52, 55524
53, 56051
54, 56878
55, 56924
56, 56260
57, 55966
58, 57467
59, 56823
60, 56453
61, 56601
62, 56685
63, 56877
64, 56728
65, 56682
66, 56170
67, 56678
68, 56425
69, 56671
70, 56628
71, 57391
72, 55775
73, 57687
74, 56194
75, 56945
76, 56528
77, 56557
78, 56627
79, 57341
80, 55802
81, 57812
82, 55744
83, 57255
84, 56205
85, 56630
86, 56834
87, 56459
88, 56533
89, 57145
90, 56444
91, 56652
92, 56583
93, 56512
94, 56651
95, 56510
96, 56810
97, 56728
98, 56554
99, 57035
100, 56259
101, 56714
102, 56603
103, 57155
104, 56933
105, 56490
106, 56819
107, 56757
108, 56826
109, 56661
110, 56042
111, 56906
