2,0,153,0,1
2,250,250,0,-1
2,250,250,250,1
3,0,153,0,2
3,250,250,0,0
3,250,250,250,2
4,0,153,0,3
4,250,250,0,1
4,250,250,250,3
5,0,153,0,4
5,250,250,0,0
5,250,250,250,4
6,0,153,0,3
6,250,250,0,1
6,250,250,250,5
7,0,153,0,4
7,250,250,0,2
7,250,250,250,4
8,0,153,0,3
8,250,250,0,1
8,250,250,250,5
9,0,153,0,4
9,250,250,0,2
9,250,250,250,6
10,0,153,0,3
10,250,250,0,3
10,250,250,250,5
11,0,153,0,4
11,250,250,0,2
11,250,250,250,6
12,0,153,0,5
12,250,250,0,3
12,250,250,250,5
13,0,153,0,4
13,250,250,0,2
13,250,250,250,6
14,0,153,0,5
14,250,250,0,3
14,250,250,250,7
15,0,153,0,4
15,250,250,0,4
15,250,250,250,8
16,0,153,0,5
16,250,250,0,3
16,250,250,250,9
17,0,153,0,6
17,250,250,0,2
17,250,250,250,8
18,0,153,0,5
18,250,250,0,3
18,250,250,250,7
19,0,153,0,6
19,250,250,0,4
19,250,250,250,6
20,0,153,0,5
20,250,250,0,3
20,250,250,250,5
21,0,153,0,6
21,250,250,0,4
21,250,250,250,6
22,0,153,0,5
22,250,250,0,5
22,250,250,250,5
23,0,153,0,6
23,250,250,0,6
23,250,250,250,6
24,0,153,0,7
24,250,250,0,7
24,250,250,250,7
25,0,153,0,6
25,250,250,0,6
25,250,250,250,8
26,0,153,0,5
26,250,250,0,7
26,250,250,250,9
27,0,153,0,6
27,250,250,0,8
27,250,250,250,8
28,0,153,0,7
28,250,250,0,9
28,250,250,250,9
29,0,153,0,6
29,250,250,0,10
29,250,250,250,10
30,0,153,0,7
30,250,250,0,9
30,250,250,250,11
31,0,153,0,6
31,250,250,0,10
31,250,250,250,12
32,0,153,0,5
32,250,250,0,11
32,250,250,250,11
33,0,153,0,4
33,250,250,0,12
33,250,250,250,10
34,0,153,0,3
34,250,250,0,11
34,250,250,250,9
35,0,153,0,4
35,250,250,0,12
35,250,250,250,8
36,0,153,0,5
36,250,250,0,13
36,250,250,250,9
37,0,153,0,6
37,250,250,0,12
37,250,250,250,8
38,0,153,0,7
38,250,250,0,13
38,250,250,250,9
39,0,153,0,6
39,250,250,0,14
39,250,250,250,10
40,0,153,0,5
40,250,250,0,15
40,250,250,250,11
41,0,153,0,4
41,250,250,0,16
41,250,250,250,12
42,0,153,0,3
42,250,250,0,15
42,250,250,250,11
43,0,153,0,4
43,250,250,0,14
43,250,250,250,10
44,0,153,0,3
44,250,250,0,13
44,250,250,250,9
45,0,153,0,4
45,250,250,0,12
45,250,250,250,8
46,0,153,0,5
46,250,250,0,13
46,250,250,250,9
47,0,153,0,6
47,250,250,0,14
47,250,250,250,8
48,0,153,0,7
48,250,250,0,15
48,250,250,250,9
49,0,153,0,6
49,250,250,0,16
49,250,250,250,10
50,0,153,0,5
50,250,250,0,15
50,250,250,250,9
51,0,153,0,4
51,250,250,0,14
51,250,250,250,10
52,0,153,0,3
52,250,250,0,15
52,250,250,250,11
53,0,153,0,4
53,250,250,0,16
53,250,250,250,10
54,0,153,0,3
54,250,250,0,15
54,250,250,250,11
55,0,153,0,4
55,250,250,0,14
55,250,250,250,12
56,0,153,0,5
56,250,250,0,15
56,250,250,250,11
57,0,153,0,6
57,250,250,0,14
57,250,250,250,12
58,0,153,0,7
58,250,250,0,15
58,250,250,250,11
59,0,153,0,6
59,250,250,0,14
59,250,250,250,12
60,0,153,0,7
60,250,250,0,15
60,250,250,250,11
61,0,153,0,6
61,250,250,0,16
61,250,250,250,12
62,0,153,0,7
62,250,250,0,15
62,250,250,250,13
63,0,153,0,6
63,250,250,0,14
63,250,250,250,12
64,0,153,0,5
64,250,250,0,15
64,250,250,250,11
65,0,153,0,6
65,250,250,0,16
65,250,250,250,10
66,0,153,0,5
66,250,250,0,17
66,250,250,250,9
67,0,153,0,4
67,250,250,0,18
67,250,250,250,10
68,0,153,0,5
68,250,250,0,17
68,250,250,250,11
69,0,153,0,4
69,250,250,0,16
69,250,250,250,10
70,0,153,0,5
70,250,250,0,17
70,250,250,250,11
71,0,153,0,4
71,250,250,0,18
71,250,250,250,10
72,0,153,0,5
72,250,250,0,17
72,250,250,250,9
73,0,153,0,6
73,250,250,0,18
73,250,250,250,10
74,0,153,0,5
74,250,250,0,19
74,250,250,250,9
75,0,153,0,6
75,250,250,0,20
75,250,250,250,8
76,0,153,0,5
76,250,250,0,21
76,250,250,250,7
77,0,153,0,6
77,250,250,0,20
77,250,250,250,6
78,0,153,0,7
78,250,250,0,19
78,250,250,250,7
79,0,153,0,8
79,250,250,0,18
79,250,250,250,8
80,0,153,0,9
80,250,250,0,17
80,250,250,250,9
81,0,153,0,8
81,250,250,0,18
81,250,250,250,10
82,0,153,0,9
82,250,250,0,17
82,250,250,250,9
83,0,153,0,10
83,250,250,0,18
83,250,250,250,10
84,0,153,0,11
84,250,250,0,19
84,250,250,250,11
85,0,153,0,12
85,250,250,0,20
85,250,250,250,12
86,0,153,0,11
86,250,250,0,21
86,250,250,250,13
87,0,153,0,10
87,250,250,0,20
87,250,250,250,12
88,0,153,0,9
88,250,250,0,21
88,250,250,250,13
89,0,153,0,8
89,250,250,0,22
89,250,250,250,14
90,0,153,0,9
90,250,250,0,23
90,250,250,250,15
91,0,153,0,8
91,250,250,0,24
91,250,250,250,16
92,0,153,0,9
92,250,250,0,23
92,250,250,250,15
93,0,153,0,10
93,250,250,0,22
93,250,250,250,14
94,0,153,0,11
94,250,250,0,21
94,250,250,250,13
95,0,153,0,12
95,250,250,0,20
95,250,250,250,12
96,0,153,0,11
96,250,250,0,21
96,250,250,250,13
97,0,153,0,10
97,250,250,0,20
97,250,250,250,12
98,0,153,0,9
98,250,250,0,21
98,250,250,250,13
99,0,153,0,8
99,250,250,0,20
99,250,250,250,14
100,0,153,0,9
100,250,250,0,19
100,250,250,250,15
101,0,153,0,8
101,250,250,0,18
101,250,250,250,16
102,0,153,0,9
102,250,250,0,17
102,250,250,250,15
103,0,153,0,10
103,250,250,0,18
103,250,250,250,14
104,0,153,0,9
104,250,250,0,17
104,250,250,250,13
105,0,153,0,10
105,250,250,0,18
105,250,250,250,12
106,0,153,0,11
106,250,250,0,17
106,250,250,250,13
107,0,153,0,10
107,250,250,0,18
107,250,250,250,12
108,0,153,0,11
108,250,250,0,17
108,250,250,250,13
109,0,153,0,12
109,250,250,0,18
109,250,250,250,14
110,0,153,0,13
110,250,250,0,19
110,250,250,250,15
111,0,153,0,12
111,250,250,0,20
111,250,250,250,16
112,0,153,0,11
112,250,250,0,19
112,250,250,250,15
113,0,153,0,10
113,250,250,0,18
113,250,250,250,16
114,0,153,0,9
114,250,250,0,17
114,250,250,250,15
115,0,153,0,10
115,250,250,0,16
115,250,250,250,16
116,0,153,0,9
116,250,250,0,17
116,250,250,250,17
117,0,153,0,10
117,250,250,0,16
117,250,250,250,18
118,0,153,0,11
118,250,250,0,17
118,250,250,250,19
119,0,153,0,12
119,250,250,0,16
119,250,250,250,18
120,0,153,0,13
120,250,250,0,17
120,250,250,250,19
121,0,153,0,12
121,250,250,0,18
121,250,250,250,18
122,0,153,0,11
122,250,250,0,19
122,250,250,250,17
123,0,153,0,10
123,250,250,0,20
123,250,250,250,18
124,0,153,0,9
124,250,250,0,19
124,250,250,250,19
125,0,153,0,10
125,250,250,0,20
125,250,250,250,20
126,0,153,0,9
126,250,250,0,21
126,250,250,250,21
127,0,153,0,8
127,250,250,0,22
127,250,250,250,20
128,0,153,0,9
128,250,250,0,23
128,250,250,250,19
129,0,153,0,10
129,250,250,0,22
129,250,250,250,20
130,0,153,0,9
130,250,250,0,21
130,250,250,250,19
131,0,153,0,8
131,250,250,0,20
131,250,250,250,18
132,0,153,0,7
132,250,250,0,19
132,250,250,250,19
133,0,153,0,6
133,250,250,0,20
133,250,250,250,18
134,0,153,0,7
134,250,250,0,19
134,250,250,250,17
135,0,153,0,8
135,250,250,0,20
135,250,250,250,18
136,0,153,0,7
136,250,250,0,19
136,250,250,250,17
137,0,153,0,6
137,250,250,0,18
137,250,250,250,16
138,0,153,0,7
138,250,250,0,17
138,250,250,250,15
139,0,153,0,6
139,250,250,0,16
139,250,250,250,14
140,0,153,0,7
140,250,250,0,17
140,250,250,250,15
141,0,153,0,6
141,250,250,0,16
141,250,250,250,16
142,0,153,0,7
142,250,250,0,17
142,250,250,250,17
143,0,153,0,6
143,250,250,0,18
143,250,250,250,18
144,0,153,0,7
144,250,250,0,17
144,250,250,250,17
145,0,153,0,8
145,250,250,0,16
145,250,250,250,18
146,0,153,0,9
146,250,250,0,17
146,250,250,250,17
147,0,153,0,10
147,250,250,0,18
147,250,250,250,18
148,0,153,0,9
148,250,250,0,19
148,250,250,250,19
149,0,153,0,10
149,250,250,0,20
149,250,250,250,20
150,0,153,0,9
150,250,250,0,19
150,250,250,250,21
151,0,153,0,10
151,250,250,0,18
151,250,250,250,20
152,0,153,0,9
152,250,250,0,19
152,250,250,250,19
153,0,153,0,10
153,250,250,0,20
153,250,250,250,18
154,0,153,0,9
154,250,250,0,19
154,250,250,250,17
155,0,153,0,8
155,250,250,0,20
155,250,250,250,18
156,0,153,0,7
156,250,250,0,21
156,250,250,250,17
157,0,153,0,6
157,250,250,0,20
157,250,250,250,18
158,0,153,0,7
158,250,250,0,21
158,250,250,250,19
159,0,153,0,8
159,250,250,0,20
159,250,250,250,20
160,0,153,0,9
160,250,250,0,21
160,250,250,250,21
161,0,153,0,10
161,250,250,0,20
161,250,250,250,20
162,0,153,0,9
162,250,250,0,21
162,250,250,250,21
163,0,153,0,10
163,250,250,0,22
163,250,250,250,20
164,0,153,0,11
164,250,250,0,21
164,250,250,250,19
165,0,153,0,10
165,250,250,0,22
165,250,250,250,20
166,0,153,0,9
166,250,250,0,23
166,250,250,250,21
167,0,153,0,8
167,250,250,0,22
167,250,250,250,22
168,0,153,0,7
168,250,250,0,23
168,250,250,250,23
169,0,153,0,8
169,250,250,0,24
169,250,250,250,22
170,0,153,0,9
170,250,250,0,23
170,250,250,250,21
171,0,153,0,8
171,250,250,0,24
171,250,250,250,22
172,0,153,0,7
172,250,250,0,23
172,250,250,250,21
173,0,153,0,6
173,250,250,0,24
173,250,250,250,22
174,0,153,0,5
174,250,250,0,25
174,250,250,250,21
175,0,153,0,6
175,250,250,0,26
175,250,250,250,20
176,0,153,0,5
176,250,250,0,27
176,250,250,250,21
177,0,153,0,4
177,250,250,0,26
177,250,250,250,20
178,0,153,0,3
178,250,250,0,25
178,250,250,250,21
179,0,153,0,2
179,250,250,0,24
179,250,250,250,20
180,0,153,0,3
180,250,250,0,23
180,250,250,250,21
181,0,153,0,4
181,250,250,0,24
181,250,250,250,22
182,0,153,0,3
182,250,250,0,25
182,250,250,250,23
183,0,153,0,4
183,250,250,0,26
183,250,250,250,24
184,0,153,0,3
184,250,250,0,27
184,250,250,250,23
185,0,153,0,4
185,250,250,0,26
185,250,250,250,22
186,0,153,0,5
186,250,250,0,27
186,250,250,250,21
187,0,153,0,6
187,250,250,0,28
187,250,250,250,20
188,0,153,0,7
188,250,250,0,29
188,250,250,250,21
189,0,153,0,6
189,250,250,0,30
189,250,250,250,20
190,0,153,0,5
190,250,250,0,29
190,250,250,250,21
191,0,153,0,4
191,250,250,0,30
191,250,250,250,22
192,0,153,0,3
192,250,250,0,31
192,250,250,250,21
193,0,153,0,4
193,250,250,0,30
193,250,250,250,20
194,0,153,0,3
194,250,250,0,29
194,250,250,250,19
195,0,153,0,2
195,250,250,0,30
195,250,250,250,18
196,0,153,0,1
196,250,250,0,29
196,250,250,250,19
197,0,153,0,0
197,250,250,0,28
197,250,250,250,20
198,0,153,0,1
198,250,250,0,29
198,250,250,250,19
199,0,153,0,0
199,250,250,0,30
199,250,250,250,20
200,0,153,0,-1
200,250,250,0,31
200,250,250,250,19
201,0,153,0,0
201,250,250,0,32
201,250,250,250,20
202,0,153,0,-1
202,250,250,0,31
202,250,250,250,21
203,0,153,0,-2
203,250,250,0,30
203,250,250,250,20
204,0,153,0,-3
204,250,250,0,31
204,250,250,250,21
205,0,153,0,-4
205,250,250,0,30
205,250,250,250,20
206,0,153,0,-3
206,250,250,0,31
206,250,250,250,21
207,0,153,0,-4
207,250,250,0,32
207,250,250,250,22
208,0,153,0,-3
208,250,250,0,33
208,250,250,250,21
209,0,153,0,-2
209,250,250,0,34
209,250,250,250,20
210,0,153,0,-1
210,250,250,0,33
210,250,250,250,21
211,0,153,0,0
211,250,250,0,34
211,250,250,250,20
212,0,153,0,-1
212,250,250,0,35
212,250,250,250,19
213,0,153,0,0
213,250,250,0,36
213,250,250,250,20
214,0,153,0,1
214,250,250,0,35
214,250,250,250,21
215,0,153,0,2
215,250,250,0,36
215,250,250,250,20
216,0,153,0,3
216,250,250,0,35
216,250,250,250,19
217,0,153,0,2
217,250,250,0,34
217,250,250,250,20
218,0,153,0,1
218,250,250,0,33
218,250,250,250,19
219,0,153,0,0
219,250,250,0,32
219,250,250,250,18
220,0,153,0,-1
220,250,250,0,33
220,250,250,250,19
221,0,153,0,0
221,250,250,0,32
221,250,250,250,18
222,0,153,0,1
222,250,250,0,33
222,250,250,250,17
223,0,153,0,0
223,250,250,0,34
223,250,250,250,16
224,0,153,0,-1
224,250,250,0,35
224,250,250,250,15
225,0,153,0,0
225,250,250,0,36
225,250,250,250,16
226,0,153,0,-1
226,250,250,0,35
226,250,250,250,17
227,0,153,0,-2
227,250,250,0,34
227,250,250,250,18
228,0,153,0,-1
228,250,250,0,33
228,250,250,250,19
229,0,153,0,0
229,250,250,0,34
229,250,250,250,18
230,0,153,0,-1
230,250,250,0,33
230,250,250,250,19
231,0,153,0,-2
231,250,250,0,34
231,250,250,250,18
232,0,153,0,-1
232,250,250,0,33
232,250,250,250,19
233,0,153,0,-2
233,250,250,0,34
233,250,250,250,20
234,0,153,0,-3
234,250,250,0,35
234,250,250,250,19
235,0,153,0,-4
235,250,250,0,34
235,250,250,250,18
236,0,153,0,-5
236,250,250,0,35
236,250,250,250,19
237,0,153,0,-4
237,250,250,0,36
237,250,250,250,20
238,0,153,0,-3
238,250,250,0,35
238,250,250,250,21
239,0,153,0,-2
239,250,250,0,34
239,250,250,250,22
240,0,153,0,-1
240,250,250,0,35
240,250,250,250,21
241,0,153,0,-2
241,250,250,0,34
241,250,250,250,20
242,0,153,0,-1
242,250,250,0,33
242,250,250,250,21
243,0,153,0,0
243,250,250,0,32
243,250,250,250,22
244,0,153,0,-1
244,250,250,0,31
244,250,250,250,21
245,0,153,0,0
245,250,250,0,32
245,250,250,250,22
246,0,153,0,-1
246,250,250,0,31
246,250,250,250,21
247,0,153,0,0
247,250,250,0,30
247,250,250,250,20
248,0,153,0,-1
248,250,250,0,29
248,250,250,250,21
249,0,153,0,-2
249,250,250,0,28
249,250,250,250,20
250,0,153,0,-3
250,250,250,0,29
250,250,250,250,21
251,0,153,0,-4
251,250,250,0,30
251,250,250,250,20
252,0,153,0,-3
252,250,250,0,31
252,250,250,250,21
253,0,153,0,-2
253,250,250,0,32
253,250,250,250,22
254,0,153,0,-1
254,250,250,0,31
254,250,250,250,23
255,0,153,0,0
255,250,250,0,32
255,250,250,250,24
256,0,153,0,-1
256,250,250,0,33
256,250,250,250,23
257,0,153,0,0
257,250,250,0,34
257,250,250,250,24
258,0,153,0,-1
258,250,250,0,35
258,250,250,250,23
259,0,153,0,0
259,250,250,0,34
259,250,250,250,24
260,0,153,0,1
260,250,250,0,35
260,250,250,250,23
261,0,153,0,0
261,250,250,0,36
261,250,250,250,22
262,0,153,0,1
262,250,250,0,35
262,250,250,250,21
263,0,153,0,2
263,250,250,0,36
263,250,250,250,20
264,0,153,0,1
264,250,250,0,37
264,250,250,250,21
265,0,153,0,0
265,250,250,0,38
265,250,250,250,22
266,0,153,0,-1
266,250,250,0,39
266,250,250,250,21
267,0,153,0,-2
267,250,250,0,38
267,250,250,250,20
268,0,153,0,-1
268,250,250,0,37
268,250,250,250,21
269,0,153,0,0
269,250,250,0,36
269,250,250,250,20
270,0,153,0,-1
270,250,250,0,35
270,250,250,250,19
271,0,153,0,0
271,250,250,0,36
271,250,250,250,18
272,0,153,0,-1
272,250,250,0,35
272,250,250,250,17
273,0,153,0,0
273,250,250,0,36
273,250,250,250,18
274,0,153,0,-1
274,250,250,0,37
274,250,250,250,17
275,0,153,0,-2
275,250,250,0,38
275,250,250,250,18
276,0,153,0,-3
276,250,250,0,39
276,250,250,250,19
277,0,153,0,-4
277,250,250,0,38
277,250,250,250,18
278,0,153,0,-3
278,250,250,0,37
278,250,250,250,17
279,0,153,0,-4
279,250,250,0,36
279,250,250,250,16
280,0,153,0,-5
280,250,250,0,35
280,250,250,250,15
281,0,153,0,-6
281,250,250,0,36
281,250,250,250,16
282,0,153,0,-7
282,250,250,0,35
282,250,250,250,17
283,0,153,0,-6
283,250,250,0,34
283,250,250,250,16
284,0,153,0,-5
284,250,250,0,35
284,250,250,250,17
285,0,153,0,-4
285,250,250,0,36
285,250,250,250,18
286,0,153,0,-3
286,250,250,0,37
286,250,250,250,17
287,0,153,0,-4
287,250,250,0,38
287,250,250,250,18
288,0,153,0,-3
288,250,250,0,37
288,250,250,250,17
289,0,153,0,-2
289,250,250,0,36
289,250,250,250,18
290,0,153,0,-1
290,250,250,0,37
290,250,250,250,19
291,0,153,0,0
291,250,250,0,36
291,250,250,250,20
292,0,153,0,-1
292,250,250,0,35
292,250,250,250,21
293,0,153,0,-2
293,250,250,0,36
293,250,250,250,20
294,0,153,0,-3
294,250,250,0,35
294,250,250,250,21
295,0,153,0,-4
295,250,250,0,36
295,250,250,250,20
296,0,153,0,-3
296,250,250,0,35
296,250,250,250,21
297,0,153,0,-4
297,250,250,0,34
297,250,250,250,22
298,0,153,0,-3
298,250,250,0,35
298,250,250,250,23
299,0,153,0,-4
299,250,250,0,34
299,250,250,250,24
300,0,153,0,-3
300,250,250,0,35
300,250,250,250,23
301,0,153,0,-2
301,250,250,0,36
301,250,250,250,22
302,0,153,0,-3
302,250,250,0,37
302,250,250,250,21
303,0,153,0,-2
303,250,250,0,38
303,250,250,250,20
304,0,153,0,-1
304,250,250,0,37
304,250,250,250,21
305,0,153,0,-2
305,250,250,0,36
305,250,250,250,20
306,0,153,0,-3
306,250,250,0,35
306,250,250,250,21
307,0,153,0,-4
307,250,250,0,34
307,250,250,250,20
308,0,153,0,-5
308,250,250,0,35
308,250,250,250,19
309,0,153,0,-4
309,250,250,0,34
309,250,250,250,18
310,0,153,0,-3
310,250,250,0,35
310,250,250,250,17
311,0,153,0,-4
311,250,250,0,34
311,250,250,250,18
